# k_lable: W L Γ X W K 
# k_node: 0.000000  0.065244  0.145151  0.237419  0.283554  0.316176  
0.000000    -35.624546
0.003262    -35.625153
0.006524    -35.626778
0.009787    -35.628994
0.013049    -35.631332
0.016311    -35.633350
0.019573    -35.634560
0.022835    -35.634724
0.026098    -35.633587
0.029360    -35.631081
0.032622    -35.627094
0.035884    -35.621704
0.039146    -35.614971
0.042408    -35.607040
0.045671    -35.598019
0.048933    -35.588108
0.052195    -35.577477
0.055457    -35.566269
0.058719    -35.554684
0.061982    -35.543133
0.065244    -35.534939

0.065244    -35.534939
0.068440    -35.535053
0.071636    -35.535419
0.074833    -35.536015
0.078029    -35.536846
0.081225    -35.537937
0.084421    -35.539276
0.087618    -35.540890
0.090814    -35.542816
0.094010    -35.546726
0.097207    -35.551090
0.100403    -35.555717
0.103599    -35.560699
0.106795    -35.565994
0.109992    -35.571613
0.113188    -35.577431
0.116384    -35.583469
0.119581    -35.589592
0.122777    -35.595760
0.125973    -35.601742
0.129169    -35.607330
0.132366    -35.612347
0.135562    -35.616611
0.138758    -35.619839
0.141954    -35.621815
0.145151    -35.622536

0.145151    -35.622536
0.148332    -35.622513
0.151514    -35.622429
0.154696    -35.622444
0.157877    -35.622437
0.161059    -35.622532
0.164241    -35.622845
0.167423    -35.623363
0.170604    -35.624283
0.173786    -35.625523
0.176968    -35.627323
0.180149    -35.629623
0.183331    -35.632526
0.186513    -35.635777
0.189694    -35.639519
0.192876    -35.643482
0.196058    -35.647655
0.199239    -35.651825
0.202421    -35.655998
0.205603    -35.659882
0.208784    -35.663536
0.211966    -35.666744
0.215148    -35.669498
0.218329    -35.671806
0.221511    -35.673492
0.224693    -35.674671
0.227874    -35.675320
0.231056    -35.675671
0.234238    -35.675667
0.237419    -35.675682

0.237419    -35.675682
0.240495    -35.675270
0.243571    -35.673973
0.246646    -35.671799
0.249722    -35.668865
0.252798    -35.665146
0.255873    -35.660789
0.258949    -35.655964
0.262024    -35.650742
0.265100    -35.645336
0.268176    -35.640022
0.271251    -35.635059
0.274327    -35.630775
0.277402    -35.627415
0.280478    -35.625320
0.283554    -35.624546

0.283554    -35.624546
0.286816    -35.625347
0.290078    -35.627834
0.293340    -35.632130
0.296602    -35.637978
0.299865    -35.644810
0.303127    -35.651897
0.306389    -35.658459
0.309651    -35.663700
0.312913    -35.667076
0.316176    -35.668236

0.000000    -35.461395
0.003262    -35.460323
0.006524    -35.457390
0.009787    -35.453392
0.013049    -35.449474
0.016311    -35.446732
0.019573    -35.445889
0.022835    -35.447166
0.026098    -35.450302
0.029360    -35.455025
0.032622    -35.461071
0.035884    -35.468327
0.039146    -35.476753
0.042408    -35.486141
0.045671    -35.496143
0.048933    -35.506229
0.052195    -35.515621
0.055457    -35.523663
0.058719    -35.529793
0.061982    -35.533627
0.065244    -35.534935

0.065244    -35.534935
0.068440    -35.535038
0.071636    -35.535400
0.074833    -35.536011
0.078029    -35.536800
0.081225    -35.537926
0.084421    -35.539261
0.087618    -35.540890
0.090814    -35.542805
0.094010    -35.545029
0.097207    -35.547592
0.100403    -35.550591
0.103599    -35.554100
0.106795    -35.558151
0.109992    -35.562820
0.113188    -35.568115
0.116384    -35.574081
0.119581    -35.580647
0.122777    -35.587631
0.125973    -35.594898
0.129169    -35.602020
0.132366    -35.608654
0.135562    -35.614391
0.138758    -35.618767
0.141954    -35.621563
0.145151    -35.622524

0.145151    -35.622524
0.148332    -35.621250
0.151514    -35.617397
0.154696    -35.611134
0.157877    -35.602478
0.161059    -35.591640
0.164241    -35.578892
0.167423    -35.564278
0.170604    -35.548157
0.173786    -35.530777
0.176968    -35.512409
0.180149    -35.493355
0.183331    -35.473915
0.186513    -35.454277
0.189694    -35.434917
0.192876    -35.441078
0.196058    -35.451538
0.199239    -35.463612
0.202421    -35.477135
0.205603    -35.491631
0.208784    -35.506859
0.211966    -35.522232
0.215148    -35.537357
0.218329    -35.551796
0.221511    -35.565105
0.224693    -35.576828
0.227874    -35.586597
0.231056    -35.593979
0.234238    -35.598602
0.237419    -35.600147

0.237419    -35.600147
0.240495    -35.599026
0.243571    -35.595615
0.246646    -35.589993
0.249722    -35.582165
0.252798    -35.572399
0.255873    -35.560760
0.258949    -35.547768
0.262024    -35.533665
0.265100    -35.519154
0.268176    -35.504807
0.271251    -35.491310
0.274327    -35.479378
0.277402    -35.469841
0.280478    -35.463573
0.283554    -35.461395

0.283554    -35.461395
0.286816    -35.462032
0.290078    -35.463341
0.293340    -35.464638
0.296602    -35.465328
0.299865    -35.465183
0.303127    -35.464325
0.306389    -35.463097
0.309651    -35.461937
0.312913    -35.461079
0.316176    -35.460777

0.000000    -35.357559
0.003262    -35.357990
0.006524    -35.358898
0.009787    -35.359562
0.013049    -35.359264
0.016311    -35.358028
0.019573    -35.357201
0.022835    -35.359951
0.026098    -35.368206
0.029360    -35.380589
0.032622    -35.395130
0.035884    -35.410511
0.039146    -35.425880
0.042408    -35.440655
0.045671    -35.454575
0.048933    -35.467770
0.052195    -35.480404
0.055457    -35.492710
0.058719    -35.504845
0.061982    -35.516666
0.065244    -35.524914

0.065244    -35.524914
0.068440    -35.525230
0.071636    -35.526199
0.074833    -35.527805
0.078029    -35.529842
0.081225    -35.532467
0.084421    -35.535492
0.087618    -35.538918
0.090814    -35.542675
0.094010    -35.545021
0.097207    -35.547577
0.100403    -35.550587
0.103599    -35.554085
0.106795    -35.558151
0.109992    -35.562813
0.113188    -35.568108
0.116384    -35.574055
0.119581    -35.580647
0.122777    -35.587624
0.125973    -35.594872
0.129169    -35.602005
0.132366    -35.608639
0.135562    -35.614353
0.138758    -35.618736
0.141954    -35.621559
0.145151    -35.622501

0.145151    -35.622501
0.148332    -35.621250
0.151514    -35.617386
0.154696    -35.611103
0.157877    -35.602470
0.161059    -35.591621
0.164241    -35.578876
0.167423    -35.564262
0.170604    -35.548138
0.173786    -35.530758
0.176968    -35.512386
0.180149    -35.493355
0.183331    -35.473911
0.186513    -35.454262
0.189694    -35.434898
0.192876    -35.415905
0.196058    -35.397671
0.199239    -35.380333
0.202421    -35.364117
0.205603    -35.349167
0.208784    -35.335556
0.211966    -35.323444
0.215148    -35.312836
0.218329    -35.303684
0.221511    -35.296078
0.224693    -35.289944
0.227874    -35.285213
0.231056    -35.281925
0.234238    -35.279911
0.237419    -35.279259

0.237419    -35.279259
0.240495    -35.280010
0.243571    -35.282253
0.246646    -35.285938
0.249722    -35.290863
0.252798    -35.296993
0.255873    -35.304001
0.258949    -35.311672
0.262024    -35.319714
0.265100    -35.327835
0.268176    -35.335674
0.271251    -35.342865
0.274327    -35.348927
0.277402    -35.353592
0.280478    -35.356571
0.283554    -35.357559

0.283554    -35.357559
0.286816    -35.357059
0.290078    -35.355202
0.293340    -35.351902
0.296602    -35.347450
0.299865    -35.342121
0.303127    -35.336182
0.306389    -35.329784
0.309651    -35.323040
0.312913    -35.316143
0.316176    -35.310818

0.000000    -35.320572
0.003262    -35.319691
0.006524    -35.317310
0.009787    -35.314388
0.013049    -35.312218
0.016311    -35.312057
0.019573    -35.313198
0.022835    -35.311977
0.026098    -35.305889
0.029360    -35.296101
0.032622    -35.284435
0.035884    -35.272106
0.039146    -35.259933
0.042408    -35.248348
0.045671    -35.237736
0.048933    -35.228382
0.052195    -35.220486
0.055457    -35.214207
0.058719    -35.209637
0.061982    -35.206867
0.065244    -35.205933

0.065244    -35.205933
0.068440    -35.206718
0.071636    -35.209095
0.074833    -35.213074
0.078029    -35.218639
0.081225    -35.225777
0.084421    -35.234512
0.087618    -35.244804
0.090814    -35.256618
0.094010    -35.269760
0.097207    -35.284134
0.100403    -35.299530
0.103599    -35.315609
0.106795    -35.332005
0.109992    -35.348427
0.113188    -35.364361
0.116384    -35.379536
0.119581    -35.393539
0.122777    -35.406090
0.125973    -35.416950
0.129169    -35.426144
0.132366    -35.433495
0.135562    -35.439201
0.138758    -35.443123
0.141954    -35.445480
0.145151    -35.446259

0.145151    -35.446259
0.148332    -35.445545
0.151514    -35.443691
0.154696    -35.440704
0.157877    -35.436954
0.161059    -35.432686
0.164241    -35.428360
0.167423    -35.424377
0.170604    -35.421074
0.173786    -35.418804
0.176968    -35.417946
0.180149    -35.418652
0.183331    -35.421303
0.186513    -35.425854
0.189694    -35.432480
0.192876    -35.415894
0.196058    -35.397648
0.199239    -35.380310
0.202421    -35.364101
0.205603    -35.349152
0.208784    -35.335552
0.211966    -35.323418
0.215148    -35.312820
0.218329    -35.303669
0.221511    -35.296066
0.224693    -35.289928
0.227874    -35.285202
0.231056    -35.281906
0.234238    -35.279896
0.237419    -35.279243

0.237419    -35.279243
0.240495    -35.279099
0.243571    -35.278603
0.246646    -35.277805
0.249722    -35.276760
0.252798    -35.275539
0.255873    -35.274254
0.258949    -35.272980
0.262024    -35.272820
0.265100    -35.278278
0.268176    -35.287720
0.271251    -35.297401
0.274327    -35.306412
0.277402    -35.313831
0.280478    -35.318802
0.283554    -35.320572

0.283554    -35.320572
0.286816    -35.319283
0.290078    -35.315964
0.293340    -35.311363
0.296602    -35.306122
0.299865    -35.300674
0.303127    -35.295563
0.306389    -35.291637
0.309651    -35.294819
0.312913    -35.301285
0.316176    -35.306553

0.000000    -35.264732
0.003262    -35.265545
0.006524    -35.267944
0.009787    -35.271282
0.013049    -35.274250
0.016311    -35.275120
0.019573    -35.272873
0.022835    -35.268147
0.026098    -35.262039
0.029360    -35.255322
0.032622    -35.248325
0.035884    -35.241425
0.039146    -35.234776
0.042408    -35.228577
0.045671    -35.222897
0.048933    -35.217911
0.052195    -35.213688
0.055457    -35.210346
0.058719    -35.207901
0.061982    -35.206421
0.065244    -35.205917

0.065244    -35.205917
0.068440    -35.206703
0.071636    -35.209084
0.074833    -35.213070
0.078029    -35.218594
0.081225    -35.225761
0.084421    -35.234489
0.087618    -35.244770
0.090814    -35.256592
0.094010    -35.269756
0.097207    -35.284115
0.100403    -35.299477
0.103599    -35.315582
0.106795    -35.332001
0.109992    -35.348377
0.113188    -35.364361
0.116384    -35.379528
0.119581    -35.393509
0.122777    -35.406075
0.125973    -35.416950
0.129169    -35.426128
0.132366    -35.433487
0.135562    -35.439171
0.138758    -35.443123
0.141954    -35.445435
0.145151    -35.446251

0.145151    -35.446251
0.148332    -35.445335
0.151514    -35.442745
0.154696    -35.438423
0.157877    -35.432549
0.161059    -35.425144
0.164241    -35.416405
0.167423    -35.406532
0.170604    -35.395653
0.173786    -35.384026
0.176968    -35.371819
0.180149    -35.359238
0.183331    -35.346573
0.186513    -35.333939
0.189694    -35.321541
0.192876    -35.309540
0.196058    -35.298084
0.199239    -35.287281
0.202421    -35.277302
0.205603    -35.267998
0.208784    -35.259598
0.211966    -35.252087
0.215148    -35.245514
0.218329    -35.239792
0.221511    -35.235039
0.224693    -35.230999
0.227874    -35.228031
0.231056    -35.225895
0.234238    -35.224621
0.237419    -35.224152

0.237419    -35.224152
0.240495    -35.224880
0.243571    -35.226933
0.246646    -35.230530
0.249722    -35.235363
0.252798    -35.241558
0.255873    -35.248791
0.258949    -35.256973
0.262024    -35.265049
0.265100    -35.268040
0.268176    -35.267467
0.271251    -35.266579
0.274327    -35.265820
0.277402    -35.265236
0.280478    -35.264843
0.283554    -35.264732

0.283554    -35.264732
0.286816    -35.265236
0.290078    -35.266747
0.293340    -35.269176
0.296602    -35.272579
0.299865    -35.276878
0.303127    -35.281929
0.306389    -35.287128
0.309651    -35.286873
0.312913    -35.284817
0.316176    -35.284092

0.000000    -15.031244
0.003262    -15.032009
0.006524    -15.034077
0.009787    -15.036949
0.013049    -15.039949
0.016311    -15.042505
0.019573    -15.044069
0.022835    -15.044222
0.026098    -15.042707
0.029360    -15.039400
0.032622    -15.034302
0.035884    -15.027506
0.039146    -15.019123
0.042408    -15.009430
0.045671    -14.998636
0.048933    -14.987085
0.052195    -14.974997
0.055457    -14.962805
0.058719    -14.950909
0.061982    -14.940002
0.065244    -14.933739

0.065244    -14.933739
0.068440    -14.934095
0.071636    -14.935211
0.074833    -14.937136
0.078029    -14.939926
0.081225    -14.943682
0.084421    -14.948349
0.087618    -14.953918
0.090814    -14.960197
0.094010    -14.966967
0.097207    -14.973967
0.100403    -14.980841
0.103599    -14.987312
0.106795    -14.993151
0.109992    -14.998079
0.113188    -15.002073
0.116384    -15.005033
0.119581    -15.007107
0.122777    -15.008331
0.125973    -15.008896
0.129169    -15.008957
0.132366    -15.008751
0.135562    -15.008423
0.138758    -15.008068
0.141954    -15.007845
0.145151    -15.007795

0.145151    -15.007795
0.148332    -15.008244
0.151514    -15.009674
0.154696    -15.012014
0.157877    -15.015200
0.161059    -15.019136
0.164241    -15.023781
0.167423    -15.029310
0.170604    -15.035675
0.173786    -15.042940
0.176968    -15.051060
0.180149    -15.060045
0.183331    -15.069574
0.186513    -15.079552
0.189694    -15.089590
0.192876    -15.099356
0.196058    -15.108437
0.199239    -15.116493
0.202421    -15.123087
0.205603    -15.128002
0.208784    -15.130943
0.211966    -15.131924
0.215148    -15.131048
0.218329    -15.128510
0.221511    -15.124790
0.224693    -15.120375
0.227874    -15.115910
0.231056    -15.112045
0.234238    -15.109386
0.237419    -15.108435

0.237419    -15.108435
0.240495    -15.107389
0.243571    -15.104218
0.246646    -15.099138
0.249722    -15.092421
0.252798    -15.084499
0.255873    -15.075848
0.258949    -15.067106
0.262024    -15.058807
0.265100    -15.051334
0.268176    -15.045004
0.271251    -15.039915
0.274327    -15.036036
0.277402    -15.033361
0.280478    -15.031771
0.283554    -15.031244

0.283554    -15.031244
0.286816    -15.031910
0.290078    -15.033789
0.293340    -15.036575
0.296602    -15.040045
0.299865    -15.043818
0.303127    -15.047606
0.306389    -15.050987
0.309651    -15.053719
0.312913    -15.055466
0.316176    -15.056074

0.000000    -14.925734
0.003262    -14.924784
0.006524    -14.922176
0.009787    -14.918287
0.013049    -14.913633
0.016311    -14.908705
0.019573    -14.903866
0.022835    -14.899410
0.026098    -14.895523
0.029360    -14.892357
0.032622    -14.890005
0.035884    -14.888506
0.039146    -14.888021
0.042408    -14.889540
0.045671    -14.895712
0.048933    -14.902504
0.052195    -14.908566
0.055457    -14.913567
0.058719    -14.917292
0.061982    -14.919596
0.065244    -14.920374

0.065244    -14.920374
0.068440    -14.920685
0.071636    -14.921587
0.074833    -14.923077
0.078029    -14.925152
0.081225    -14.927780
0.084421    -14.930918
0.087618    -14.934505
0.090814    -14.938480
0.094010    -14.942772
0.097207    -14.947283
0.100403    -14.952003
0.103599    -14.956823
0.106795    -14.961763
0.109992    -14.966764
0.113188    -14.971827
0.116384    -14.976919
0.119581    -14.981998
0.122777    -14.987013
0.125973    -14.991798
0.129169    -14.996254
0.132366    -15.000113
0.135562    -15.003357
0.138758    -15.005770
0.141954    -15.007259
0.145151    -15.007782

0.145151    -15.007782
0.148332    -15.007057
0.151514    -15.004938
0.154696    -15.001394
0.157877    -14.996395
0.161059    -14.989956
0.164241    -14.982107
0.167423    -14.972860
0.170604    -14.962330
0.173786    -14.950613
0.176968    -14.937901
0.180149    -14.924353
0.183331    -14.910210
0.186513    -14.895693
0.189694    -14.881067
0.192876    -14.866570
0.196058    -14.868399
0.199239    -14.872221
0.202421    -14.876637
0.205603    -14.881662
0.208784    -14.887165
0.211966    -14.892992
0.215148    -14.899174
0.218329    -14.905560
0.221511    -14.911934
0.224693    -14.918137
0.227874    -14.923727
0.231056    -14.928209
0.234238    -14.931181
0.237419    -14.932211

0.237419    -14.932211
0.240495    -14.932135
0.243571    -14.931946
0.246646    -14.931633
0.249722    -14.931213
0.252798    -14.930706
0.255873    -14.930162
0.258949    -14.929537
0.262024    -14.928915
0.265100    -14.928274
0.268176    -14.927643
0.271251    -14.927042
0.274327    -14.926512
0.277402    -14.926096
0.280478    -14.925819
0.283554    -14.925734

0.283554    -14.925734
0.286816    -14.925335
0.290078    -14.924290
0.293340    -14.922838
0.296602    -14.921244
0.299865    -14.919662
0.303127    -14.918272
0.306389    -14.917112
0.309651    -14.916290
0.312913    -14.915768
0.316176    -14.915586

0.000000    -14.828541
0.003262    -14.828789
0.006524    -14.829535
0.009787    -14.830881
0.013049    -14.832935
0.016311    -14.835825
0.019573    -14.839647
0.022835    -14.844463
0.026098    -14.850216
0.029360    -14.856796
0.032622    -14.864033
0.035884    -14.871691
0.039146    -14.879450
0.042408    -14.886114
0.045671    -14.888847
0.048933    -14.891573
0.052195    -14.895489
0.055457    -14.900822
0.058719    -14.907551
0.061982    -14.915199
0.065244    -14.920370

0.065244    -14.920370
0.068440    -14.920664
0.071636    -14.921583
0.074833    -14.923075
0.078029    -14.925129
0.081225    -14.927780
0.084421    -14.930914
0.087618    -14.934498
0.090814    -14.938471
0.094010    -14.942755
0.097207    -14.947273
0.100403    -14.951998
0.103599    -14.956808
0.106795    -14.961756
0.109992    -14.966755
0.113188    -14.971821
0.116384    -14.976908
0.119581    -14.981993
0.122777    -14.987005
0.125973    -14.991796
0.129169    -14.996206
0.132366    -15.000095
0.135562    -15.003332
0.138758    -15.005770
0.141954    -15.007256
0.145151    -15.007776

0.145151    -15.007776
0.148332    -15.007044
0.151514    -15.004938
0.154696    -15.001390
0.157877    -14.996382
0.161059    -14.989948
0.164241    -14.982096
0.167423    -14.972860
0.170604    -14.962317
0.173786    -14.950609
0.176968    -14.937899
0.180149    -14.924347
0.183331    -14.910208
0.186513    -14.895691
0.189694    -14.881063
0.192876    -14.866562
0.196058    -14.859007
0.199239    -14.853048
0.202421    -14.846905
0.205603    -14.840683
0.208784    -14.834501
0.211966    -14.828476
0.215148    -14.822800
0.218329    -14.817535
0.221511    -14.812878
0.224693    -14.808891
0.227874    -14.805700
0.231056    -14.803350
0.234238    -14.801922
0.237419    -14.801447

0.237419    -14.801447
0.240495    -14.801664
0.243571    -14.802326
0.246646    -14.803417
0.249722    -14.804924
0.252798    -14.806818
0.255873    -14.809076
0.258949    -14.811600
0.262024    -14.814390
0.265100    -14.817268
0.268176    -14.820145
0.271251    -14.822832
0.274327    -14.825176
0.277402    -14.826996
0.280478    -14.828157
0.283554    -14.828541

0.283554    -14.828541
0.286816    -14.828421
0.290078    -14.827999
0.293340    -14.827230
0.296602    -14.826199
0.299865    -14.824965
0.303127    -14.823748
0.306389    -14.822626
0.309651    -14.821728
0.312913    -14.821159
0.316176    -14.820972

0.000000    -14.759258
0.003262    -14.759884
0.006524    -14.761547
0.009787    -14.763758
0.013049    -14.766088
0.016311    -14.768246
0.019573    -14.770023
0.022835    -14.771334
0.026098    -14.772152
0.029360    -14.772541
0.032622    -14.772604
0.035884    -14.772413
0.039146    -14.772064
0.042408    -14.771612
0.045671    -14.771118
0.048933    -14.770626
0.052195    -14.770187
0.055457    -14.769791
0.058719    -14.769505
0.061982    -14.769320
0.065244    -14.769270

0.065244    -14.769270
0.068440    -14.769777
0.071636    -14.771330
0.074833    -14.773865
0.078029    -14.777355
0.081225    -14.781776
0.084421    -14.787050
0.087618    -14.793133
0.090814    -14.799950
0.094010    -14.807428
0.097207    -14.815454
0.100403    -14.823889
0.103599    -14.832579
0.106795    -14.841324
0.109992    -14.849899
0.113188    -14.858110
0.116384    -14.865728
0.119581    -14.872574
0.122777    -14.878546
0.125973    -14.883556
0.129169    -14.887640
0.132366    -14.890818
0.135562    -14.893167
0.138758    -14.894794
0.141954    -14.895721
0.145151    -14.896055

0.145151    -14.896055
0.148332    -14.895998
0.151514    -14.895824
0.154696    -14.895500
0.157877    -14.895025
0.161059    -14.894346
0.164241    -14.893373
0.167423    -14.892082
0.170604    -14.890417
0.173786    -14.888285
0.176968    -14.885675
0.180149    -14.882509
0.183331    -14.878824
0.186513    -14.874603
0.189694    -14.869839
0.192876    -14.865425
0.196058    -14.852386
0.199239    -14.838804
0.202421    -14.825953
0.205603    -14.814024
0.208784    -14.803114
0.211966    -14.793339
0.215148    -14.784733
0.218329    -14.777342
0.221511    -14.771145
0.224693    -14.766146
0.227874    -14.762306
0.231056    -14.759617
0.234238    -14.757994
0.237419    -14.757463

0.237419    -14.757463
0.240495    -14.757521
0.243571    -14.757721
0.246646    -14.757811
0.249722    -14.757742
0.252798    -14.757818
0.255873    -14.757999
0.258949    -14.758211
0.262024    -14.758411
0.265100    -14.758623
0.268176    -14.758802
0.271251    -14.758959
0.274327    -14.759089
0.277402    -14.759184
0.280478    -14.759235
0.283554    -14.759258

0.283554    -14.759258
0.286816    -14.759539
0.290078    -14.760216
0.293340    -14.761072
0.296602    -14.762009
0.299865    -14.762852
0.303127    -14.763594
0.306389    -14.764172
0.309651    -14.764549
0.312913    -14.764771
0.316176    -14.764849

0.000000    -14.741335
0.003262    -14.740885
0.006524    -14.739805
0.009787    -14.738478
0.013049    -14.737225
0.016311    -14.736263
0.019573    -14.735725
0.022835    -14.735701
0.026098    -14.736238
0.029360    -14.737419
0.032622    -14.739265
0.035884    -14.741800
0.039146    -14.744989
0.042408    -14.748720
0.045671    -14.752796
0.048933    -14.756979
0.052195    -14.760960
0.055457    -14.764402
0.058719    -14.767042
0.061982    -14.768702
0.065244    -14.769255

0.065244    -14.769255
0.068440    -14.769756
0.071636    -14.771330
0.074833    -14.773853
0.078029    -14.777330
0.081225    -14.781773
0.084421    -14.787045
0.087618    -14.793121
0.090814    -14.799946
0.094010    -14.807425
0.097207    -14.815447
0.100403    -14.823885
0.103599    -14.832569
0.106795    -14.841314
0.109992    -14.849899
0.113188    -14.858110
0.116384    -14.865725
0.119581    -14.872566
0.122777    -14.878546
0.125973    -14.883553
0.129169    -14.887632
0.132366    -14.890814
0.135562    -14.893167
0.138758    -14.894791
0.141954    -14.895714
0.145151    -14.896030

0.145151    -14.896030
0.148332    -14.895500
0.151514    -14.893902
0.154696    -14.891329
0.157877    -14.888065
0.161059    -14.884308
0.164241    -14.880186
0.167423    -14.876003
0.170604    -14.872068
0.173786    -14.868511
0.176968    -14.865618
0.180149    -14.863592
0.183331    -14.862434
0.186513    -14.862408
0.189694    -14.863401
0.192876    -14.864611
0.196058    -14.852375
0.199239    -14.838797
0.202421    -14.825953
0.205603    -14.814016
0.208784    -14.803112
0.211966    -14.793335
0.215148    -14.784729
0.218329    -14.777336
0.221511    -14.771135
0.224693    -14.766146
0.227874    -14.762304
0.231056    -14.759607
0.234238    -14.757986
0.237419    -14.757460

0.237419    -14.757460
0.240495    -14.757473
0.243571    -14.757505
0.246646    -14.757593
0.249722    -14.757700
0.252798    -14.757330
0.255873    -14.756411
0.258949    -14.754919
0.262024    -14.752911
0.265100    -14.750525
0.268176    -14.748114
0.271251    -14.745796
0.274327    -14.743860
0.277402    -14.742455
0.280478    -14.741640
0.283554    -14.741335

0.283554    -14.741335
0.286816    -14.741283
0.290078    -14.741259
0.293340    -14.741337
0.296602    -14.741638
0.299865    -14.742064
0.303127    -14.742613
0.306389    -14.743166
0.309651    -14.743628
0.312913    -14.743925
0.316176    -14.744041

0.000000    -10.440973
0.003262    -10.447390
0.006524    -10.466337
0.009787    -10.496786
0.013049    -10.537279
0.016311    -10.585970
0.019573    -10.640812
0.022835    -10.699780
0.026098    -10.761015
0.029360    -10.822552
0.032622    -10.882864
0.035884    -10.940590
0.039146    -10.994570
0.042408    -11.043728
0.045671    -11.087492
0.048933    -11.125189
0.052195    -11.156477
0.055457    -11.180943
0.058719    -11.198597
0.061982    -11.209171
0.065244    -11.212708

0.065244    -11.212708
0.068440    -11.222607
0.071636    -11.251745
0.074833    -11.298607
0.078029    -11.360830
0.081225    -11.435659
0.084421    -11.520178
0.087618    -11.611502
0.090814    -11.706997
0.094010    -11.804310
0.097207    -11.901396
0.100403    -11.996477
0.103599    -12.088034
0.106795    -12.174828
0.109992    -12.255768
0.113188    -12.330013
0.116384    -12.396875
0.119581    -12.455893
0.122777    -12.506849
0.125973    -12.549664
0.129169    -12.584616
0.132366    -12.612074
0.135562    -12.632576
0.138758    -12.646687
0.141954    -12.654938
0.145151    -12.657631

0.145151    -12.657631
0.148332    -12.654968
0.151514    -12.646872
0.154696    -12.633183
0.157877    -12.613590
0.161059    -12.587706
0.164241    -12.555120
0.167423    -12.515339
0.170604    -12.467972
0.173786    -12.412611
0.176968    -12.348932
0.180149    -12.276709
0.183331    -12.195898
0.186513    -12.106516
0.189694    -12.008863
0.192876    -11.903339
0.196058    -11.790707
0.199239    -11.671824
0.202421    -11.547882
0.205603    -11.420259
0.208784    -11.290716
0.211966    -11.161249
0.215148    -11.034286
0.218329    -10.912691
0.221511    -10.799770
0.224693    -10.699240
0.227874    -10.615145
0.231056    -10.551401
0.234238    -10.511536
0.237419    -10.497971

0.237419    -10.497971
0.240495    -10.497696
0.243571    -10.496874
0.246646    -10.495432
0.249722    -10.493280
0.252798    -10.490337
0.255873    -10.486423
0.258949    -10.481544
0.262024    -10.475842
0.265100    -10.469433
0.268176    -10.462627
0.271251    -10.455942
0.274327    -10.449936
0.277402    -10.445145
0.280478    -10.442059
0.283554    -10.440973

0.283554    -10.440973
0.286816    -10.444498
0.290078    -10.453888
0.293340    -10.467054
0.296602    -10.482353
0.299865    -10.498045
0.303127    -10.512712
0.306389    -10.525238
0.309651    -10.534769
0.312913    -10.540724
0.316176    -10.542740

0.000000    -6.236597
0.003262    -6.231719
0.006524    -6.217836
0.009787    -6.197063
0.013049    -6.172613
0.016311    -6.148263
0.019573    -6.127644
0.022835    -6.113757
0.026098    -6.108334
0.029360    -6.111829
0.032622    -6.123460
0.035884    -6.141691
0.039146    -6.164555
0.042408    -6.189971
0.045671    -6.215991
0.048933    -6.240879
0.052195    -6.263178
0.055457    -6.281693
0.058719    -6.295584
0.061982    -6.304127
0.065244    -6.307034

0.065244    -6.307034
0.068440    -6.288521
0.071636    -6.233502
0.074833    -6.143457
0.078029    -6.020684
0.081225    -5.867843
0.084421    -5.687784
0.087618    -5.483279
0.090814    -5.256941
0.094010    -5.011100
0.097207    -4.747836
0.100403    -4.468962
0.103599    -4.176075
0.106795    -3.870652
0.109992    -3.553966
0.113188    -3.227342
0.116384    -2.891988
0.119581    -2.549292
0.122777    -2.200660
0.125973    -1.847882
0.129169    -1.493205
0.132366    -1.139622
0.135562    -0.791661
0.138758    -0.457309
0.141954    -0.158446
0.145151    -0.000029

0.145151    -0.000029
0.148332    -0.143381
0.151514    -0.410488
0.154696    -0.702876
0.157877    -1.001169
0.161059    -1.299549
0.164241    -1.595631
0.167423    -1.888286
0.170604    -2.177015
0.173786    -2.461739
0.176968    -2.742432
0.180149    -3.019189
0.183331    -3.292043
0.186513    -3.560864
0.189694    -3.825402
0.192876    -4.085327
0.196058    -4.340040
0.199239    -4.588948
0.202421    -4.831185
0.205603    -5.065618
0.208784    -5.290859
0.211966    -5.505229
0.215148    -5.706542
0.218329    -5.892169
0.221511    -6.058992
0.224693    -6.203439
0.227874    -6.321586
0.231056    -6.409523
0.234238    -6.463897
0.237419    -6.482291

0.237419    -6.482291
0.240495    -6.479995
0.243571    -6.473141
0.246646    -6.461927
0.249722    -6.446689
0.252798    -6.427828
0.255873    -6.405998
0.258949    -6.381906
0.262024    -6.356466
0.265100    -6.330737
0.268176    -6.305889
0.271251    -6.283172
0.274327    -6.263850
0.277402    -6.249070
0.280478    -6.239775
0.283554    -6.236597

0.283554    -6.236597
0.286816    -6.236249
0.290078    -6.236249
0.293340    -6.237551
0.296602    -6.240390
0.299865    -6.244511
0.303127    -6.249226
0.306389    -6.253856
0.309651    -6.257726
0.312913    -6.260265
0.316176    -6.261157

0.000000    -3.376274
0.003262    -3.407401
0.006524    -3.463924
0.009787    -3.511572
0.013049    -3.537851
0.016311    -3.536610
0.019573    -3.503969
0.022835    -3.437650
0.026098    -3.336943
0.029360    -3.202742
0.032622    -3.037343
0.035884    -2.844000
0.039146    -2.626765
0.042408    -2.390172
0.045671    -2.139302
0.048933    -1.880292
0.052195    -1.621152
0.055457    -1.373618
0.058719    -1.156602
0.061982    -1.000048
0.065244    -0.941368

0.065244    -0.941368
0.068440    -0.939210
0.071636    -0.932713
0.074833    -0.921771
0.078029    -0.906215
0.081225    -0.885877
0.084421    -0.860638
0.087618    -0.830437
0.090814    -0.795281
0.094010    -0.755286
0.097207    -0.710630
0.100403    -0.661685
0.103599    -0.608807
0.106795    -0.552561
0.109992    -0.493581
0.113188    -0.432673
0.116384    -0.370767
0.119581    -0.308977
0.122777    -0.248618
0.125973    -0.191151
0.129169    -0.138244
0.132366    -0.091612
0.135562    -0.053013
0.138758    -0.024069
0.141954    -0.006124
0.145151    -0.000022

0.145151    -0.000022
0.148332    -0.014755
0.151514    -0.057877
0.154696    -0.126635
0.157877    -0.217068
0.161059    -0.324815
0.164241    -0.445553
0.167423    -0.575402
0.170604    -0.710988
0.173786    -0.849531
0.176968    -0.988645
0.180149    -1.126392
0.183331    -1.261202
0.186513    -1.391754
0.189694    -1.516958
0.192876    -1.635925
0.196058    -1.747949
0.199239    -1.852455
0.202421    -1.949014
0.205603    -2.037298
0.208784    -2.117083
0.211966    -2.188250
0.215148    -2.250740
0.218329    -2.304583
0.221511    -2.349857
0.224693    -2.386646
0.227874    -2.415089
0.231056    -2.435306
0.234238    -2.447395
0.237419    -2.451394

0.237419    -2.451394
0.240495    -2.463614
0.243571    -2.499259
0.246646    -2.555570
0.249722    -2.628438
0.252798    -2.713293
0.255873    -2.805524
0.258949    -2.900757
0.262024    -2.995038
0.265100    -3.084825
0.268176    -3.166917
0.271251    -3.238499
0.274327    -3.297058
0.277402    -3.340493
0.280478    -3.367243
0.283554    -3.376274

0.283554    -3.376274
0.286816    -3.391097
0.290078    -3.428839
0.293340    -3.474233
0.296602    -3.518697
0.299865    -3.558622
0.303127    -3.592348
0.306389    -3.619088
0.309651    -3.638417
0.312913    -3.650061
0.316176    -3.653956

0.000000    -3.112845
0.003262    -3.065231
0.006524    -2.959052
0.009787    -2.827814
0.013049    -2.683074
0.016311    -2.530008
0.019573    -2.372059
0.022835    -2.212077
0.026098    -2.052708
0.029360    -1.896473
0.032622    -1.745864
0.035884    -1.603214
0.039146    -1.470764
0.042408    -1.350444
0.045671    -1.243874
0.048933    -1.152339
0.052195    -1.076735
0.055457    -1.017611
0.058719    -0.975255
0.061982    -0.949834
0.065244    -0.941360

0.065244    -0.941360
0.068440    -0.939203
0.071636    -0.932711
0.074833    -0.921771
0.078029    -0.906210
0.081225    -0.885865
0.084421    -0.860633
0.087618    -0.830430
0.090814    -0.795270
0.094010    -0.755269
0.097207    -0.710629
0.100403    -0.661672
0.103599    -0.608805
0.106795    -0.552546
0.109992    -0.493577
0.113188    -0.432669
0.116384    -0.370759
0.119581    -0.308975
0.122777    -0.248607
0.125973    -0.191149
0.129169    -0.138240
0.132366    -0.091612
0.135562    -0.053010
0.138758    -0.024060
0.141954    -0.006114
0.145151    0.000000

0.145151    0.000000
0.148332    -0.014730
0.151514    -0.057875
0.154696    -0.126625
0.157877    -0.217068
0.161059    -0.324793
0.164241    -0.445540
0.167423    -0.575395
0.170604    -0.710979
0.173786    -0.849526
0.176968    -0.988638
0.180149    -1.126389
0.183331    -1.261194
0.186513    -1.391742
0.189694    -1.516951
0.192876    -1.635914
0.196058    -1.747943
0.199239    -1.852441
0.202421    -1.949013
0.205603    -2.037298
0.208784    -2.117074
0.211966    -2.188239
0.215148    -2.250738
0.218329    -2.304580
0.221511    -2.349854
0.224693    -2.386646
0.227874    -2.415088
0.231056    -2.435303
0.234238    -2.447366
0.237419    -2.451384

0.237419    -2.451384
0.240495    -2.460397
0.243571    -2.486582
0.246646    -2.527937
0.249722    -2.581431
0.252798    -2.643572
0.255873    -2.710846
0.258949    -2.779833
0.262024    -2.847566
0.265100    -2.911408
0.268176    -2.969131
0.271251    -3.018874
0.274327    -3.059109
0.277402    -3.088675
0.280478    -3.106760
0.283554    -3.112845

0.283554    -3.112845
0.286816    -3.081422
0.290078    -2.995072
0.293340    -2.872188
0.296602    -2.726456
0.299865    -2.568622
0.303127    -2.409631
0.306389    -2.262130
0.309651    -2.140468
0.312913    -2.059443
0.316176    -2.030881

0.000000    4.408765
0.003262    4.369136
0.006524    4.273033
0.009787    4.149167
0.013049    4.010064
0.016311    3.859887
0.019573    3.699911
0.022835    3.530656
0.026098    3.352476
0.029360    3.165531
0.032622    2.969473
0.035884    2.763552
0.039146    2.546855
0.042408    2.318842
0.045671    2.080090
0.048933    1.833327
0.052195    1.584430
0.055457    1.344436
0.058719    1.132168
0.061982    0.978198
0.065244    0.920324

0.065244    0.920324
0.068440    0.923358
0.071636    0.932472
0.074833    0.947591
0.078029    0.968631
0.081225    0.995493
0.084421    1.028059
0.087618    1.066296
0.090814    1.110086
0.094010    1.159330
0.097207    1.213768
0.100403    1.272867
0.103599    1.335663
0.106795    1.400469
0.109992    1.464471
0.113188    1.523434
0.116384    1.571145
0.119581    1.599209
0.122777    1.597340
0.125973    1.554660
0.129169    1.462828
0.132366    1.319062
0.135562    1.127770
0.138758    0.900643
0.141954    0.664078
0.145151    0.526056

0.145151    0.526056
0.148332    0.666771
0.151514    0.925911
0.154696    1.204607
0.157877    1.482840
0.161059    1.753681
0.164241    2.012463
0.167423    2.253922
0.170604    2.468130
0.173786    2.618948
0.176968    2.598808
0.180149    2.475727
0.183331    2.339482
0.186513    2.206644
0.189694    2.081631
0.192876    1.966360
0.196058    1.861876
0.199239    1.768832
0.202421    1.687764
0.205603    1.619012
0.208784    1.562747
0.211966    1.519254
0.215148    1.488551
0.218329    1.470660
0.221511    1.465572
0.224693    1.473118
0.227874    1.493212
0.231056    1.525536
0.234238    1.569757
0.237419    1.619316

0.237419    1.619316
0.240495    1.642469
0.243571    1.710928
0.246646    1.821816
0.249722    1.970990
0.252798    2.153708
0.255873    2.365105
0.258949    2.600359
0.262024    2.854781
0.265100    3.123363
0.268176    3.400254
0.271251    3.677516
0.274327    3.942990
0.277402    4.176501
0.280478    4.345369
0.283554    4.408765

0.283554    4.408765
0.286816    4.335924
0.290078    4.095991
0.293340    3.757586
0.296602    3.394398
0.299865    3.041732
0.303127    2.719549
0.306389    2.443858
0.309651    2.230305
0.312913    2.094110
0.316176    2.047126

0.000000    4.774024
0.003262    4.774039
0.006524    4.774042
0.009787    4.774030
0.013049    4.774034
0.016311    4.730851
0.019573    4.637241
0.022835    4.555789
0.026098    4.493831
0.029360    4.454320
0.032622    4.437946
0.035884    4.444200
0.039146    4.471689
0.042408    4.518013
0.045671    4.579627
0.048933    4.651588
0.052195    4.727490
0.055457    4.774036
0.058719    4.774035
0.061982    4.774036
0.065244    4.774045

0.065244    4.774045
0.068440    4.774034
0.071636    4.774036
0.074833    4.774027
0.078029    4.774040
0.081225    4.774034
0.084421    4.774044
0.087618    4.774040
0.090814    4.774043
0.094010    4.774044
0.097207    4.774034
0.100403    4.774033
0.103599    4.774037
0.106795    4.748568
0.109992    4.672524
0.113188    4.584979
0.116384    4.488782
0.119581    4.387537
0.122777    4.285144
0.125973    4.172830
0.129169    4.038336
0.132366    3.947852
0.135562    3.894101
0.138758    3.866479
0.141954    3.854733
0.145151    3.851602

0.145151    3.851602
0.148332    3.833642
0.151514    3.780888
0.154696    3.697082
0.157877    3.587179
0.161059    3.457306
0.164241    3.313881
0.167423    3.163898
0.170604    3.017841
0.173786    2.910566
0.176968    2.946654
0.180149    3.053760
0.183331    3.137952
0.186513    3.180473
0.189694    3.178359
0.192876    3.135117
0.196058    3.057980
0.199239    2.955589
0.202421    2.836280
0.205603    2.707204
0.208784    2.573993
0.211966    2.440894
0.215148    2.311069
0.218329    2.186790
0.221511    2.069761
0.224693    1.961141
0.227874    1.861924
0.231056    1.772764
0.234238    1.694325
0.237419    1.633362

0.237419    1.633362
0.240495    1.655933
0.243571    1.722891
0.246646    1.832067
0.249722    1.980207
0.252798    2.163495
0.255873    2.378065
0.258949    2.620050
0.262024    2.885826
0.265100    3.171986
0.268176    3.475053
0.271251    3.791040
0.274327    4.113796
0.277402    4.430422
0.280478    4.704573
0.283554    4.774024

0.283554    4.774024
0.286816    4.774029
0.290078    4.729857
0.293340    4.699180
0.296602    4.674610
0.299865    4.651390
0.303127    4.630026
0.306389    4.611899
0.309651    4.598166
0.312913    4.589640
0.316176    4.586764

0.000000    4.774042
0.003262    4.774047
0.006524    4.774049
0.009787    4.774036
0.013049    4.774040
0.016311    4.774037
0.019573    4.774037
0.022835    4.774033
0.026098    4.774035
0.029360    4.774035
0.032622    4.774045
0.035884    4.774036
0.039146    4.774042
0.042408    4.774035
0.045671    4.774030
0.048933    4.774042
0.052195    4.774038
0.055457    4.774047
0.058719    4.774041
0.061982    4.774043
0.065244    4.774048

0.065244    4.774048
0.068440    4.774041
0.071636    4.774045
0.074833    4.774041
0.078029    4.774046
0.081225    4.774044
0.084421    4.774046
0.087618    4.774042
0.090814    4.774045
0.094010    4.774044
0.097207    4.774046
0.100403    4.774047
0.103599    4.774047
0.106795    4.748580
0.109992    4.672532
0.113188    4.584990
0.116384    4.488787
0.119581    4.387543
0.122777    4.285152
0.125973    4.185731
0.129169    4.093266
0.132366    4.011566
0.135562    3.943985
0.138758    3.893451
0.141954    3.862193
0.145151    3.851615

0.145151    3.851615
0.148332    3.872525
0.151514    3.934212
0.154696    4.033910
0.157877    4.167592
0.161059    4.330868
0.164241    4.519435
0.167423    4.729406
0.170604    4.774036
0.173786    4.774042
0.176968    4.774035
0.180149    4.774044
0.183331    4.774041
0.186513    4.774046
0.189694    4.774039
0.192876    4.774031
0.196058    4.774040
0.199239    4.774038
0.202421    4.774030
0.205603    4.774039
0.208784    4.774039
0.211966    4.774046
0.215148    4.774037
0.218329    4.774024
0.221511    4.774044
0.224693    4.774036
0.227874    4.774029
0.231056    4.774035
0.234238    4.774028
0.237419    4.774035

0.237419    4.774035
0.240495    4.774033
0.243571    4.774035
0.246646    4.774031
0.249722    4.774039
0.252798    4.774044
0.255873    4.774032
0.258949    4.774039
0.262024    4.774043
0.265100    4.774040
0.268176    4.774041
0.271251    4.774035
0.274327    4.774021
0.277402    4.774038
0.280478    4.774037
0.283554    4.774042

0.283554    4.774042
0.286816    4.774044
0.290078    4.774032
0.293340    4.774035
0.296602    4.774040
0.299865    4.774027
0.303127    4.774045
0.306389    4.774029
0.309651    4.774039
0.312913    4.774031
0.316176    4.774029

0.000000    4.774047
0.003262    4.774051
0.006524    4.774051
0.009787    4.774043
0.013049    4.774045
0.016311    4.774041
0.019573    4.774040
0.022835    4.774041
0.026098    4.774036
0.029360    4.774037
0.032622    4.774047
0.035884    4.774041
0.039146    4.774046
0.042408    4.774042
0.045671    4.774038
0.048933    4.774047
0.052195    4.774041
0.055457    4.774051
0.058719    4.774048
0.061982    4.774047
0.065244    4.774051

0.065244    4.774051
0.068440    4.774047
0.071636    4.774047
0.074833    4.774045
0.078029    4.774051
0.081225    4.774048
0.084421    4.774050
0.087618    4.774048
0.090814    4.774049
0.094010    4.774049
0.097207    4.774050
0.100403    4.774050
0.103599    4.774049
0.106795    4.774035
0.109992    4.774029
0.113188    4.774035
0.116384    4.774038
0.119581    4.572299
0.122777    4.352348
0.125973    4.185733
0.129169    4.093268
0.132366    4.011568
0.135562    3.943998
0.138758    3.893451
0.141954    3.862218
0.145151    3.851624

0.145151    3.851624
0.148332    3.872536
0.151514    3.934217
0.154696    4.033924
0.157877    4.167594
0.161059    4.330880
0.164241    4.519438
0.167423    4.729417
0.170604    4.774043
0.173786    4.774045
0.176968    4.774045
0.180149    4.774048
0.183331    4.774042
0.186513    4.774048
0.189694    4.774042
0.192876    4.774039
0.196058    4.774044
0.199239    4.774043
0.202421    4.774045
0.205603    4.774045
0.208784    4.774045
0.211966    4.774048
0.215148    4.774047
0.218329    4.774039
0.221511    4.774046
0.224693    4.774045
0.227874    4.774041
0.231056    4.774043
0.234238    4.774033
0.237419    4.774036

0.237419    4.774036
0.240495    4.774040
0.243571    4.774043
0.246646    4.774039
0.249722    4.774043
0.252798    4.774048
0.255873    4.774040
0.258949    4.774044
0.262024    4.774045
0.265100    4.774048
0.268176    4.774048
0.271251    4.774040
0.274327    4.774038
0.277402    4.774040
0.280478    4.774045
0.283554    4.774047

0.283554    4.774047
0.286816    4.774050
0.290078    4.774035
0.293340    4.774039
0.296602    4.774048
0.299865    4.774040
0.303127    4.774048
0.306389    4.774040
0.309651    4.774047
0.312913    4.774042
0.316176    4.774040

0.000000    4.774051
0.003262    4.774051
0.006524    4.774051
0.009787    4.774047
0.013049    4.774048
0.016311    4.774047
0.019573    4.774047
0.022835    4.774044
0.026098    4.774043
0.029360    4.774045
0.032622    4.774050
0.035884    4.774043
0.039146    4.774047
0.042408    4.774044
0.045671    4.774046
0.048933    4.774049
0.052195    4.774046
0.055457    4.774051
0.058719    4.774051
0.061982    4.774051
0.065244    4.774051

0.065244    4.774051
0.068440    4.774049
0.071636    4.774051
0.074833    4.774048
0.078029    4.774051
0.081225    4.774051
0.084421    4.774051
0.087618    4.774049
0.090814    4.774051
0.094010    4.774051
0.097207    4.774051
0.100403    4.774051
0.103599    4.774051
0.106795    4.774042
0.109992    4.774045
0.113188    4.774040
0.116384    4.774051
0.119581    4.774028
0.122777    4.774042
0.125973    4.774032
0.129169    4.774037
0.132366    4.774031
0.135562    4.774035
0.138758    4.774037
0.141954    4.774020
0.145151    4.774038

0.145151    4.774038
0.148332    4.774032
0.151514    4.774024
0.154696    4.774028
0.157877    4.774031
0.161059    4.774039
0.164241    4.774038
0.167423    4.774037
0.170604    4.774049
0.173786    4.774051
0.176968    4.774048
0.180149    4.774051
0.183331    4.774051
0.186513    4.774051
0.189694    4.774046
0.192876    4.774042
0.196058    4.774045
0.199239    4.774046
0.202421    4.774045
0.205603    4.774049
0.208784    4.774045
0.211966    4.774051
0.215148    4.774048
0.218329    4.774043
0.221511    4.774049
0.224693    4.774050
0.227874    4.774044
0.231056    4.774047
0.234238    4.774042
0.237419    4.774047

0.237419    4.774047
0.240495    4.774046
0.243571    4.774048
0.246646    4.774046
0.249722    4.774045
0.252798    4.774051
0.255873    4.774044
0.258949    4.774047
0.262024    4.774046
0.265100    4.774051
0.268176    4.774050
0.271251    4.774045
0.274327    4.774044
0.277402    4.774045
0.280478    4.774049
0.283554    4.774051

0.283554    4.774051
0.286816    4.774051
0.290078    4.774045
0.293340    4.774044
0.296602    4.774051
0.299865    4.774044
0.303127    4.774050
0.306389    4.774044
0.309651    4.774049
0.312913    4.774046
0.316176    4.774043

0.000000    4.774056
0.003262    4.774059
0.006524    4.774064
0.009787    4.774051
0.013049    4.774053
0.016311    4.774051
0.019573    4.774051
0.022835    4.774051
0.026098    4.774051
0.029360    4.774051
0.032622    4.774054
0.035884    4.774051
0.039146    4.774051
0.042408    4.774051
0.045671    4.774051
0.048933    4.774052
0.052195    4.774051
0.055457    4.774057
0.058719    4.774054
0.061982    4.774055
0.065244    4.774056

0.065244    4.774056
0.068440    4.774052
0.071636    4.774054
0.074833    4.774051
0.078029    4.774056
0.081225    4.774055
0.084421    4.774058
0.087618    4.774055
0.090814    4.774054
0.094010    4.774056
0.097207    4.774055
0.100403    4.774052
0.103599    4.774055
0.106795    4.774051
0.109992    4.774051
0.113188    4.774051
0.116384    4.774053
0.119581    4.774051
0.122777    4.774051
0.125973    4.774051
0.129169    4.774051
0.132366    4.774051
0.135562    4.774051
0.138758    4.774051
0.141954    4.774051
0.145151    4.774051

0.145151    4.774051
0.148332    4.774051
0.151514    4.774051
0.154696    4.774051
0.157877    4.774051
0.161059    4.774051
0.164241    4.774051
0.167423    4.774051
0.170604    4.774054
0.173786    4.774054
0.176968    4.774051
0.180149    4.774055
0.183331    4.774052
0.186513    4.774054
0.189694    4.774053
0.192876    4.774051
0.196058    4.774052
0.199239    4.774051
0.202421    4.774051
0.205603    4.774055
0.208784    4.774051
0.211966    4.774056
0.215148    4.774054
0.218329    4.774051
0.221511    4.774053
0.224693    4.774053
0.227874    4.774051
0.231056    4.774051
0.234238    4.774051
0.237419    4.774053

0.237419    4.774053
0.240495    4.774051
0.243571    4.774051
0.246646    4.774051
0.249722    4.774051
0.252798    4.774055
0.255873    4.774051
0.258949    4.774051
0.262024    4.774054
0.265100    4.774058
0.268176    4.774057
0.271251    4.774051
0.274327    4.774051
0.277402    4.774051
0.280478    4.774052
0.283554    4.774056

0.283554    4.774056
0.286816    4.774060
0.290078    4.774051
0.293340    4.774051
0.296602    4.774055
0.299865    4.774051
0.303127    4.774055
0.306389    4.774051
0.309651    4.774052
0.312913    4.774051
0.316176    4.774051

0.000000    4.774059
0.003262    4.774064
0.006524    4.774068
0.009787    4.774056
0.013049    4.774057
0.016311    4.774052
0.019573    4.774051
0.022835    4.774052
0.026098    4.774051
0.029360    4.774052
0.032622    4.774056
0.035884    4.774052
0.039146    4.774053
0.042408    4.774053
0.045671    4.774052
0.048933    4.774054
0.052195    4.774055
0.055457    4.774058
0.058719    4.774061
0.061982    4.774061
0.065244    4.774058

0.065244    4.774058
0.068440    4.774056
0.071636    4.774056
0.074833    4.774056
0.078029    4.774062
0.081225    4.774062
0.084421    4.774064
0.087618    4.774062
0.090814    4.774056
0.094010    4.774056
0.097207    4.774060
0.100403    4.774061
0.103599    4.774062
0.106795    4.774051
0.109992    4.774052
0.113188    4.774051
0.116384    4.774055
0.119581    4.774051
0.122777    4.774051
0.125973    4.774051
0.129169    4.774051
0.132366    4.774051
0.135562    4.774051
0.138758    4.774051
0.141954    4.774051
0.145151    4.774051

0.145151    4.774051
0.148332    4.774055
0.151514    4.774051
0.154696    4.774051
0.157877    4.774051
0.161059    4.774051
0.164241    4.774051
0.167423    4.774051
0.170604    4.774057
0.173786    4.774057
0.176968    4.774051
0.180149    4.774058
0.183331    4.774056
0.186513    4.774059
0.189694    4.774054
0.192876    4.774051
0.196058    4.774055
0.199239    4.774051
0.202421    4.774055
0.205603    4.774056
0.208784    4.774056
0.211966    4.774062
0.215148    4.774055
0.218329    4.774051
0.221511    4.774054
0.224693    4.774057
0.227874    4.774054
0.231056    4.774055
0.234238    4.774051
0.237419    4.774057

0.237419    4.774057
0.240495    4.774051
0.243571    4.774055
0.246646    4.774055
0.249722    4.774057
0.252798    4.774062
0.255873    4.774053
0.258949    4.774056
0.262024    4.774055
0.265100    4.774064
0.268176    4.774061
0.271251    4.774052
0.274327    4.774053
0.277402    4.774056
0.280478    4.774056
0.283554    4.774059

0.283554    4.774059
0.286816    4.774063
0.290078    4.774051
0.293340    4.774052
0.296602    4.774058
0.299865    4.774051
0.303127    4.774059
0.306389    4.774055
0.309651    4.774058
0.312913    4.774055
0.316176    4.774052

0.000000    4.774068
0.003262    4.774070
0.006524    4.774071
0.009787    4.774065
0.013049    4.774066
0.016311    4.774062
0.019573    4.774057
0.022835    4.774060
0.026098    4.774054
0.029360    4.774056
0.032622    4.774065
0.035884    4.774058
0.039146    4.774061
0.042408    4.774058
0.045671    4.774060
0.048933    4.774058
0.052195    4.774061
0.055457    4.774061
0.058719    4.774068
0.061982    4.774065
0.065244    4.774066

0.065244    4.774066
0.068440    4.774062
0.071636    4.774066
0.074833    4.774059
0.078029    4.774069
0.081225    4.774066
0.084421    4.774071
0.087618    4.774068
0.090814    4.774065
0.094010    4.774063
0.097207    4.774065
0.100403    4.774062
0.103599    4.774071
0.106795    4.774052
0.109992    4.774055
0.113188    4.774054
0.116384    4.774056
0.119581    4.774053
0.122777    4.774053
0.125973    4.774052
0.129169    4.774051
0.132366    4.774053
0.135562    4.774051
0.138758    4.774051
0.141954    4.774051
0.145151    4.774051

0.145151    4.774051
0.148332    4.774058
0.151514    4.774055
0.154696    4.774051
0.157877    4.774051
0.161059    4.774052
0.164241    4.774051
0.167423    4.774051
0.170604    4.774061
0.173786    4.774058
0.176968    4.774056
0.180149    4.774064
0.183331    4.774058
0.186513    4.774060
0.189694    4.774058
0.192876    4.774055
0.196058    4.774056
0.199239    4.774058
0.202421    4.774058
0.205603    4.774059
0.208784    4.774060
0.211966    4.774067
0.215148    4.774057
0.218329    4.774057
0.221511    4.774057
0.224693    4.774060
0.227874    4.774060
0.231056    4.774058
0.234238    4.774056
0.237419    4.774064

0.237419    4.774064
0.240495    4.774055
0.243571    4.774059
0.246646    4.774057
0.249722    4.774061
0.252798    4.774066
0.255873    4.774057
0.258949    4.774060
0.262024    4.774055
0.265100    4.774069
0.268176    4.774068
0.271251    4.774056
0.274327    4.774056
0.277402    4.774058
0.280478    4.774058
0.283554    4.774068

0.283554    4.774068
0.286816    4.774065
0.290078    4.774058
0.293340    4.774055
0.296602    4.774063
0.299865    4.774055
0.303127    4.774062
0.306389    4.774057
0.309651    4.774061
0.312913    4.774059
0.316176    4.774058

0.000000    4.830866
0.003262    4.852283
0.006524    4.884717
0.009787    4.879381
0.013049    4.820638
0.016311    4.774074
0.019573    4.774060
0.022835    4.774064
0.026098    4.774057
0.029360    4.774069
0.032622    4.774067
0.035884    4.774062
0.039146    4.774065
0.042408    4.774065
0.045671    4.774065
0.048933    4.774070
0.052195    4.774069
0.055457    4.799630
0.058719    4.859581
0.061982    4.899452
0.065244    4.913443

0.065244    4.913443
0.068440    4.914451
0.071636    4.917327
0.074833    4.921721
0.078029    4.926950
0.081225    4.932018
0.084421    4.935558
0.087618    4.935808
0.090814    4.930692
0.094010    4.917861
0.097207    4.894967
0.100403    4.859913
0.103599    4.811275
0.106795    4.774055
0.109992    4.774059
0.113188    4.774057
0.116384    4.774056
0.119581    4.774056
0.122777    4.774057
0.125973    4.774054
0.129169    4.774054
0.132366    4.774056
0.135562    4.774058
0.138758    4.774058
0.141954    4.774054
0.145151    4.774051

0.145151    4.774051
0.148332    4.774064
0.151514    4.774057
0.154696    4.774055
0.157877    4.774054
0.161059    4.774057
0.164241    4.774057
0.167423    4.774051
0.170604    4.774072
0.173786    4.774065
0.176968    4.774059
0.180149    4.774069
0.183331    4.774065
0.186513    4.774069
0.189694    4.774064
0.192876    4.774059
0.196058    4.774057
0.199239    4.774065
0.202421    4.774069
0.205603    4.774064
0.208784    4.774064
0.211966    4.774083
0.215148    4.774062
0.218329    4.774068
0.221511    4.774066
0.224693    4.774081
0.227874    4.774063
0.231056    4.774062
0.234238    4.774062
0.237419    4.774068

0.237419    4.774068
0.240495    4.774068
0.243571    4.774068
0.246646    4.774058
0.249722    4.774065
0.252798    4.774073
0.255873    4.774063
0.258949    4.774064
0.262024    4.774060
0.265100    4.774077
0.268176    4.774073
0.271251    4.774058
0.274327    4.774065
0.277402    4.774065
0.280478    4.774066
0.283554    4.830866

0.283554    4.830866
0.286816    4.783933
0.290078    4.774065
0.293340    4.774058
0.296602    4.774067
0.299865    4.774068
0.303127    4.774067
0.306389    4.774062
0.309651    4.774075
0.312913    4.774065
0.316176    4.774061

0.000000    5.912827
0.003262    5.854362
0.006524    5.758666
0.009787    5.715907
0.013049    5.753109
0.016311    5.851144
0.019573    5.982439
0.022835    6.126525
0.026098    6.264591
0.029360    6.369379
0.032622    6.395524
0.035884    6.299333
0.039146    6.099413
0.042408    5.857967
0.045671    5.619934
0.048933    5.407251
0.052195    5.229620
0.055457    5.090872
0.058719    4.992056
0.061982    4.933053
0.065244    4.913451

0.065244    4.913451
0.068440    4.914452
0.071636    4.917335
0.074833    4.921724
0.078029    4.926955
0.081225    4.932021
0.084421    4.935569
0.087618    4.935825
0.090814    4.930706
0.094010    4.917864
0.097207    4.894971
0.100403    4.859917
0.103599    4.811281
0.106795    4.774063
0.109992    4.774063
0.113188    4.774063
0.116384    4.774068
0.119581    4.774060
0.122777    4.774062
0.125973    4.774063
0.129169    4.774060
0.132366    4.774060
0.135562    4.774068
0.138758    4.774068
0.141954    4.774059
0.145151    4.774053

0.145151    4.774053
0.148332    4.774069
0.151514    4.774064
0.154696    4.774062
0.157877    4.774056
0.161059    4.774059
0.164241    4.774061
0.167423    4.774054
0.170604    4.957514
0.173786    5.201002
0.176968    5.457644
0.180149    5.725665
0.183331    6.003640
0.186513    6.290314
0.189694    6.584764
0.192876    6.886086
0.196058    7.193460
0.199239    7.506067
0.202421    7.822985
0.205603    8.143037
0.208784    8.464691
0.211966    8.785778
0.215148    9.103228
0.218329    9.412551
0.221511    9.707388
0.224693    9.978745
0.227874    10.214657
0.231056    10.400346
0.234238    10.520250
0.237419    10.561842

0.237419    10.561842
0.240495    10.373924
0.243571    10.148298
0.246646    9.900587
0.249722    9.631861
0.252798    9.343665
0.255873    9.038127
0.258949    8.718081
0.262024    8.387150
0.265100    8.050000
0.268176    7.610560
0.271251    7.174010
0.274327    6.755347
0.277402    6.369298
0.280478    6.053208
0.283554    5.912827

0.283554    5.912827
0.286816    5.977049
0.290078    6.158402
0.293340    6.407153
0.296602    6.692665
0.299865    7.001195
0.303127    7.324951
0.306389    7.657276
0.309651    7.989050
0.312913    8.299800
0.316176    8.512733

0.000000    6.556051
0.003262    6.656703
0.006524    6.887937
0.009787    7.179437
0.013049    7.506619
0.016311    7.860377
0.019573    8.236254
0.022835    8.629173
0.026098    8.474107
0.029360    8.094822
0.032622    7.829988
0.035884    7.725415
0.039146    7.762365
0.042408    7.876535
0.045671    8.018922
0.048933    8.161637
0.052195    8.288094
0.055457    8.388435
0.058719    8.458464
0.061982    8.498651
0.065244    8.511559

0.065244    8.511559
0.068440    8.492047
0.071636    8.433044
0.074833    8.333508
0.078029    8.192752
0.081225    8.011427
0.084421    7.792369
0.087618    7.540605
0.090814    7.262681
0.094010    6.965603
0.097207    6.655926
0.100403    6.339533
0.103599    6.021481
0.106795    5.706322
0.109992    5.398447
0.113188    5.102810
0.116384    4.825072
0.119581    4.774066
0.122777    4.774069
0.125973    4.774081
0.129169    4.774067
0.132366    4.774076
0.135562    4.774079
0.138758    4.774076
0.141954    4.774074
0.145151    4.774054

0.145151    4.774054
0.148332    4.774088
0.151514    4.774072
0.154696    4.774067
0.157877    4.774061
0.161059    4.774071
0.164241    4.774069
0.167423    4.774066
0.170604    4.957522
0.173786    5.201014
0.176968    5.457653
0.180149    5.725684
0.183331    6.003656
0.186513    6.290328
0.189694    6.584766
0.192876    6.886091
0.196058    7.193461
0.199239    7.506073
0.202421    7.822987
0.205603    8.143044
0.208784    8.464700
0.211966    8.785781
0.215148    9.103231
0.218329    9.412556
0.221511    9.707397
0.224693    9.978760
0.227874    10.214663
0.231056    10.400361
0.234238    10.520264
0.237419    10.561848

0.237419    10.561848
0.240495    10.529291
0.243571    10.430008
0.246646    10.260494
0.249722    10.018994
0.252798    9.709400
0.255873    9.342674
0.258949    8.934424
0.262024    8.500816
0.265100    8.055865
0.268176    7.712789
0.271251    7.384173
0.274327    7.077270
0.277402    6.813287
0.280478    6.625738
0.283554    6.556051

0.283554    6.556051
0.286816    6.635457
0.290078    6.820710
0.293340    7.063987
0.296602    7.340027
0.299865    7.631705
0.303127    7.923479
0.306389    8.196664
0.309651    8.424035
0.312913    8.561144
0.316176    8.542393

0.000000    11.688452
0.003262    11.578027
0.006524    11.285413
0.009787    10.878779
0.013049    10.409775
0.016311    9.912537
0.019573    9.411432
0.022835    8.929083
0.026098    9.050113
0.029360    9.479645
0.032622    9.925329
0.035884    10.384672
0.039146    10.855106
0.042408    11.332481
0.045671    11.809376
0.048933    12.272179
0.052195    12.695621
0.055457    13.035355
0.058719    13.194504
0.061982    13.145863
0.065244    13.116871

0.065244    13.116871
0.068440    13.050135
0.071636    12.883070
0.074833    12.624365
0.078029    12.188367
0.081225    11.764987
0.084421    11.370728
0.087618    11.014033
0.090814    10.699841
0.094010    10.431359
0.097207    10.210903
0.100403    10.039988
0.103599    9.919279
0.106795    9.848261
0.109992    9.825154
0.113188    9.846837
0.116384    9.908978
0.119581    10.006184
0.122777    10.132130
0.125973    10.279495
0.129169    10.439658
0.132366    10.602221
0.135562    10.754461
0.138758    10.881189
0.141954    10.966284
0.145151    10.996433

0.145151    10.996433
0.148332    10.931084
0.151514    10.747538
0.154696    10.475222
0.157877    10.146379
0.161059    9.788689
0.164241    9.423931
0.167423    9.069746
0.170604    8.740686
0.173786    8.449498
0.176968    8.207537
0.180149    8.024702
0.183331    7.908688
0.186513    7.863242
0.189694    7.887339
0.192876    7.974858
0.196058    8.116090
0.199239    8.299747
0.202421    8.514619
0.205603    8.750691
0.208784    8.999081
0.211966    9.252235
0.215148    9.503330
0.218329    9.745730
0.221511    9.972734
0.224693    10.176826
0.227874    10.349708
0.231056    10.482386
0.234238    10.566302
0.237419    10.595070

0.237419    10.595070
0.240495    10.761070
0.243571    10.921431
0.246646    11.061926
0.249722    11.183800
0.252798    11.288539
0.255873    11.377692
0.258949    11.452713
0.262024    11.514978
0.265100    11.565784
0.268176    11.606272
0.271251    11.637558
0.274327    11.660589
0.277402    11.676332
0.280478    11.685453
0.283554    11.688452

0.283554    11.688452
0.286816    11.630068
0.290078    11.467627
0.293340    11.230644
0.296602    10.946121
0.299865    10.632542
0.303127    10.302294
0.306389    9.965614
0.309651    9.636068
0.312913    9.347759
0.316176    9.211477

0.000000    13.422230
0.003262    13.467072
0.006524    13.570377
0.009787    13.683155
0.013049    13.778439
0.016311    13.847122
0.019573    13.888256
0.022835    13.904194
0.026098    13.898705
0.029360    13.876163
0.032622    13.841078
0.035884    13.797583
0.039146    13.749178
0.042408    13.698523
0.045671    13.647375
0.048933    13.596199
0.052195    13.541323
0.055457    13.460278
0.058719    13.394396
0.061982    13.463083
0.065244    13.493788

0.065244    13.493788
0.068440    13.364223
0.071636    13.039122
0.074833    12.624373
0.078029    12.188368
0.081225    11.765014
0.084421    11.370733
0.087618    11.014044
0.090814    10.699841
0.094010    10.431364
0.097207    10.210907
0.100403    10.039996
0.103599    9.919285
0.106795    9.848263
0.109992    9.825161
0.113188    9.846849
0.116384    9.908983
0.119581    10.006197
0.122777    10.132139
0.125973    10.279500
0.129169    10.439666
0.132366    10.602232
0.135562    10.754465
0.138758    10.881199
0.141954    10.966290
0.145151    10.996459

0.145151    10.996459
0.148332    11.002300
0.151514    11.019907
0.154696    11.049459
0.157877    11.091243
0.161059    11.145564
0.164241    11.212969
0.167423    11.294012
0.170604    11.389353
0.173786    11.499760
0.176968    11.626041
0.180149    11.769124
0.183331    11.929956
0.186513    12.109509
0.189694    12.308828
0.192876    12.528882
0.196058    12.770670
0.199239    13.035028
0.202421    13.322613
0.205603    13.633621
0.208784    13.967638
0.211966    14.323187
0.215148    14.697098
0.218329    15.083609
0.221511    15.473221
0.224693    15.851009
0.227874    16.009766
0.231056    15.838537
0.234238    15.730980
0.237419    15.694187

0.237419    15.694187
0.240495    15.547899
0.243571    15.180170
0.246646    14.757494
0.249722    14.377865
0.252798    14.073044
0.255873    13.845762
0.258949    13.685751
0.262024    13.578438
0.265100    13.509754
0.268176    13.467934
0.271251    13.443983
0.274327    13.431337
0.277402    13.425304
0.280478    13.422859
0.283554    13.422230

0.283554    13.422230
0.286816    13.445898
0.290078    13.498692
0.293340    13.531898
0.296602    13.489834
0.299865    13.340294
0.303127    13.099323
0.306389    12.818304
0.309651    12.556207
0.312913    12.368414
0.316176    12.299672

0.000000    16.302364
0.003262    16.166100
0.006524    15.914211
0.009787    15.672113
0.013049    15.465748
0.016311    15.295834
0.019573    15.157703
0.022835    15.045740
0.026098    14.954308
0.029360    14.878138
0.032622    14.812803
0.035884    14.755392
0.039146    14.705029
0.042408    14.663267
0.045671    14.634874
0.048933    14.283705
0.052195    13.884314
0.055457    13.629747
0.058719    13.536852
0.061982    13.503700
0.065244    13.493795

0.065244    13.493795
0.068440    13.364225
0.071636    13.039122
0.074833    12.675809
0.078029    12.472999
0.081225    12.299923
0.084421    12.169139
0.087618    12.085258
0.090814    12.048080
0.094010    12.054870
0.097207    12.101566
0.100403    12.183651
0.103599    12.296154
0.106795    12.433606
0.109992    12.589216
0.113188    12.753914
0.116384    12.914076
0.119581    13.048487
0.122777    13.124844
0.125973    13.107817
0.129169    12.990421
0.132366    12.811985
0.135562    12.625839
0.138758    12.470966
0.141954    12.370195
0.145151    12.335405

0.145151    12.335405
0.148332    12.370081
0.151514    12.473013
0.154696    12.641165
0.157877    12.870142
0.161059    13.155025
0.164241    13.491142
0.167423    13.874065
0.170604    14.299685
0.173786    14.763929
0.176968    15.261732
0.180149    15.786003
0.183331    16.326054
0.186513    16.864634
0.189694    17.374516
0.192876    17.813940
0.196058    18.126146
0.199239    18.259611
0.202421    18.209097
0.205603    18.020725
0.208784    17.750883
0.211966    17.441151
0.215148    17.118412
0.218329    16.800804
0.221511    16.502224
0.224693    16.234718
0.227874    16.195339
0.231056    16.477564
0.234238    16.665462
0.237419    16.731733

0.237419    16.731733
0.240495    16.575598
0.243571    16.465149
0.246646    16.454124
0.249722    16.490351
0.252798    16.553150
0.255873    16.633997
0.258949    16.727854
0.262024    16.656185
0.265100    16.559530
0.268176    16.478502
0.271251    16.413424
0.274327    16.363989
0.277402    16.329453
0.280478    16.309082
0.283554    16.302364

0.283554    16.302364
0.286816    16.221317
0.290078    16.024441
0.293340    15.807590
0.296602    15.643784
0.299865    15.572590
0.303127    15.586908
0.306389    15.649137
0.309651    15.720825
0.312913    15.774471
0.316176    15.794100

0.000000    17.354853
0.003262    17.565319
0.006524    18.029797
0.009787    18.594917
0.013049    19.191816
0.016311    19.756084
0.019573    20.162149
0.022835    20.084675
0.026098    19.425354
0.029360    18.577749
0.032622    17.711748
0.035884    16.879211
0.039146    16.105236
0.042408    15.406488
0.045671    14.796125
0.048933    14.632170
0.052195    14.672421
0.055457    14.785528
0.058719    14.987698
0.061982    15.226852
0.065244    15.347147

0.065244    15.347147
0.068440    15.445101
0.071636    15.706320
0.074833    16.071770
0.078029    16.497374
0.081225    16.955950
0.084421    17.428568
0.087618    17.896845
0.090814    18.334717
0.094010    18.695799
0.097207    18.897394
0.100403    18.839806
0.103599    18.506355
0.106795    17.992548
0.109992    17.402998
0.113188    16.805914
0.116384    16.245125
0.119581    15.756775
0.122777    15.379311
0.125973    15.149271
0.129169    15.071360
0.132366    15.101831
0.135562    15.181744
0.138758    15.266083
0.141954    15.326876
0.145151    15.348759

0.145151    15.348759
0.148332    15.364170
0.151514    15.410507
0.154696    15.488152
0.157877    15.597754
0.161059    15.740223
0.164241    15.916746
0.167423    16.128775
0.170604    16.378077
0.173786    16.666536
0.176968    16.996111
0.180149    17.368319
0.183331    17.783749
0.186513    18.240675
0.189694    18.733130
0.192876    19.247398
0.196058    19.756838
0.199239    20.216505
0.202421    20.562208
0.205603    20.725645
0.208784    20.667631
0.211966    20.402643
0.215148    19.987234
0.218329    19.489687
0.221511    18.970251
0.224693    18.476896
0.227874    18.047733
0.231056    17.714205
0.234238    17.502026
0.237419    17.429106

0.237419    17.429106
0.240495    17.408039
0.243571    17.347599
0.246646    17.255224
0.249722    17.141060
0.252798    17.015640
0.255873    16.888451
0.258949    16.766878
0.262024    16.830442
0.265100    16.937288
0.268176    17.043266
0.271251    17.142712
0.274327    17.229334
0.277402    17.296946
0.280478    17.340038
0.283554    17.354853

0.283554    17.354853
0.286816    17.468414
0.290078    17.766319
0.293340    18.170712
0.296602    18.638092
0.299865    19.145262
0.303127    19.674263
0.306389    20.205212
0.309651    20.708958
0.312913    21.125755
0.316176    21.310108

0.000000    25.306734
0.003262    25.186136
0.006524    24.847301
0.009787    24.311722
0.013049    23.604712
0.016311    22.799959
0.019573    22.034203
0.022835    21.604719
0.026098    21.539633
0.029360    21.397911
0.032622    21.066948
0.035884    20.606716
0.039146    20.082008
0.042408    19.535923
0.045671    18.998697
0.048933    18.495224
0.052195    18.047749
0.055457    17.676291
0.058719    17.397802
0.061982    17.225323
0.065244    17.166897

0.065244    17.166897
0.068440    17.366333
0.071636    17.900738
0.074833    18.662886
0.078029    19.580824
0.081225    20.611919
0.084421    21.719572
0.087618    22.847803
0.090814    23.706551
0.094010    23.106249
0.097207    22.678829
0.100403    22.538996
0.103599    22.718203
0.106795    22.064365
0.109992    21.136700
0.113188    20.251923
0.116384    19.423645
0.119581    18.658268
0.122777    17.959030
0.125973    17.328671
0.129169    16.770563
0.132366    16.290125
0.135562    15.895641
0.138758    15.598570
0.141954    15.412405
0.145151    15.348763

0.145151    15.348763
0.148332    15.364176
0.151514    15.410515
0.154696    15.488163
0.157877    15.597780
0.161059    15.740232
0.164241    15.916756
0.167423    16.128784
0.170604    16.378078
0.173786    16.666544
0.176968    16.996132
0.180149    17.368332
0.183331    17.783749
0.186513    18.240683
0.189694    18.733150
0.192876    19.247400
0.196058    19.756842
0.199239    20.216507
0.202421    20.562208
0.205603    20.725666
0.208784    20.667639
0.211966    20.402645
0.215148    19.987240
0.218329    19.489700
0.221511    18.970259
0.224693    18.476906
0.227874    18.047739
0.231056    17.714211
0.234238    17.502037
0.237419    17.429111

0.237419    17.429111
0.240495    17.789505
0.243571    18.441496
0.246646    19.164021
0.249722    19.907406
0.252798    20.651760
0.255873    21.388771
0.258949    22.117319
0.262024    22.840933
0.265100    23.564571
0.268176    24.291140
0.271251    25.016989
0.274327    25.235758
0.277402    25.273369
0.280478    25.298105
0.283554    25.306734

0.283554    25.306734
0.286816    25.246946
0.290078    25.103632
0.293340    24.925863
0.296602    24.743666
0.299865    24.571724
0.303127    24.270103
0.306389    23.786928
0.309651    23.339870
0.312913    22.968683
0.316176    22.801695

0.000000    27.026731
0.003262    27.027695
0.006524    26.649794
0.009787    26.173260
0.013049    25.725494
0.016311    25.332167
0.019573    24.990286
0.022835    24.716110
0.026098    24.504766
0.029360    24.126455
0.032622    23.436319
0.035884    22.641220
0.039146    21.842142
0.042408    21.069113
0.045671    20.331198
0.048933    19.629808
0.052195    18.965454
0.055457    18.343887
0.058719    17.785614
0.061982    17.348753
0.065244    17.166912

0.065244    17.166912
0.068440    17.366344
0.071636    17.900747
0.074833    18.662893
0.078029    19.580832
0.081225    20.611933
0.084421    21.719582
0.087618    22.847815
0.090814    23.876133
0.094010    24.535635
0.097207    24.502026
0.100403    23.878845
0.103599    23.003677
0.106795    22.064392
0.109992    21.136721
0.113188    20.251925
0.116384    19.423656
0.119581    18.658270
0.122777    17.959053
0.125973    17.328674
0.129169    16.770575
0.132366    16.290144
0.135562    15.895657
0.138758    15.598581
0.141954    15.412407
0.145151    15.348768

0.145151    15.348768
0.148332    15.421803
0.151514    15.629469
0.154696    15.945833
0.157877    16.343714
0.161059    16.802246
0.164241    17.307312
0.167423    17.849895
0.170604    18.424690
0.173786    19.028929
0.176968    19.660410
0.180149    20.313126
0.183331    20.959652
0.186513    21.488674
0.189694    21.674501
0.192876    21.596418
0.196058    21.523479
0.199239    21.584686
0.202421    21.802780
0.205603    22.134817
0.208784    22.525030
0.211966    22.932636
0.215148    23.332041
0.218329    23.706907
0.221511    24.045271
0.224693    24.337496
0.227874    24.575161
0.231056    24.750988
0.234238    24.859022
0.237419    24.895477

0.237419    24.895477
0.240495    24.901241
0.243571    24.915922
0.246646    24.934181
0.249722    24.952442
0.252798    24.970757
0.255873    24.991684
0.258949    25.018282
0.262024    25.052355
0.265100    25.093945
0.268176    25.141029
0.271251    25.189926
0.274327    25.723324
0.277402    26.363720
0.280478    26.843651
0.283554    27.026731

0.283554    27.026731
0.286816    26.886213
0.290078    26.459021
0.293340    25.918283
0.296602    25.352629
0.299865    24.803970
0.303127    24.436735
0.306389    24.312546
0.309651    24.223858
0.312913    24.169800
0.316176    24.151628

0.000000    27.226162
0.003262    27.172655
0.006524    27.423698
0.009787    27.764431
0.013049    28.032431
0.016311    27.955336
0.019573    27.417665
0.022835    26.663086
0.026098    25.964945
0.029360    25.706781
0.032622    26.045208
0.035884    26.715305
0.039146    27.568298
0.042408    28.535938
0.045671    29.089945
0.048933    28.685635
0.052195    28.326725
0.055457    28.050495
0.058719    27.856180
0.061982    27.741014
0.065244    27.702909

0.065244    27.702909
0.068440    27.606503
0.071636    27.330128
0.074833    26.904715
0.078029    26.365988
0.081225    25.746645
0.084421    25.075720
0.087618    24.382948
0.090814    23.876173
0.094010    24.535675
0.097207    24.502039
0.100403    23.878870
0.103599    23.003685
0.106795    23.135435
0.109992    23.699472
0.113188    24.355034
0.116384    25.071619
0.119581    25.830427
0.122777    26.616364
0.125973    27.415209
0.129169    28.210945
0.132366    28.982584
0.135562    29.698492
0.138758    30.307535
0.141954    30.732424
0.145151    30.887703

0.145151    30.887703
0.148332    30.733679
0.151514    30.309626
0.154696    29.697861
0.157877    28.975760
0.161059    28.199217
0.164241    27.406635
0.167423    26.624950
0.170604    25.874039
0.173786    25.169432
0.176968    24.524969
0.180149    23.959654
0.183331    23.517139
0.186513    23.331066
0.189694    23.659430
0.192876    24.469086
0.196058    25.548868
0.199239    26.815844
0.202421    28.231922
0.205603    29.739540
0.208784    31.204714
0.211966    32.343708
0.215148    32.848064
0.218329    32.306999
0.221511    31.033466
0.224693    29.907423
0.227874    28.966080
0.231056    28.249224
0.234238    27.797493
0.237419    27.642893

0.237419    27.642893
0.240495    27.707809
0.243571    27.901003
0.246646    28.214882
0.249722    28.633772
0.252798    29.133299
0.255873    29.684389
0.258949    29.464418
0.262024    29.033474
0.265100    28.617872
0.268176    28.232431
0.271251    27.891777
0.274327    27.609364
0.277402    27.397818
0.280478    27.267738
0.283554    27.226162

0.283554    27.226162
0.286816    27.272345
0.290078    27.483412
0.293340    27.762791
0.296602    28.061384
0.299865    28.350861
0.303127    28.610882
0.306389    28.826307
0.309651    28.986444
0.312913    29.084515
0.316176    29.117449

0.000000    32.799366
0.003262    32.351913
0.006524    31.850119
0.009787    31.311590
0.013049    30.834629
0.016311    30.695248
0.019573    31.021984
0.022835    31.560585
0.026098    32.018597
0.029360    32.119507
0.032622    31.736881
0.035884    31.077105
0.039146    30.378738
0.042408    29.755964
0.045671    29.738047
0.048933    30.850571
0.052195    32.057587
0.055457    33.276997
0.058719    34.453083
0.061982    35.525856
0.065244    36.314110

0.065244    36.314110
0.068440    36.177246
0.071636    35.774338
0.074833    35.126221
0.078029    34.269405
0.081225    33.255478
0.084421    32.152893
0.087618    31.055895
0.090814    30.118916
0.094010    29.630669
0.097207    29.918072
0.100403    30.862080
0.103599    32.094692
0.106795    33.389572
0.109992    34.631378
0.113188    35.756031
0.116384    36.728100
0.119581    37.533394
0.122777    38.173309
0.125973    38.661819
0.129169    38.737370
0.132366    38.272720
0.135562    37.933498
0.138758    37.718273
0.141954    37.614456
0.145151    37.588398

0.145151    37.588398
0.148332    37.614441
0.151514    37.721687
0.154696    37.945164
0.157877    38.295410
0.161059    38.770844
0.164241    38.635864
0.167423    38.277000
0.170604    37.859932
0.173786    37.383041
0.176968    36.845131
0.180149    36.247608
0.183331    35.596848
0.186513    34.905540
0.189694    34.198341
0.192876    33.515141
0.196058    32.916924
0.199239    32.490746
0.202421    32.348007
0.205603    32.605511
0.208784    33.347347
0.211966    34.592072
0.215148    33.693699
0.218329    32.810902
0.221511    32.536880
0.224693    32.209194
0.227874    31.910288
0.231056    31.678894
0.234238    31.534077
0.237419    31.484806

0.237419    31.484806
0.240495    31.429535
0.243571    31.268742
0.246646    31.015837
0.249722    30.689491
0.252798    30.309540
0.255873    29.895168
0.258949    30.255142
0.262024    30.816235
0.265100    31.341219
0.268176    31.808996
0.271251    32.203743
0.274327    32.515999
0.277402    32.740410
0.280478    32.875095
0.283554    32.799366

0.283554    32.799366
0.286816    32.513374
0.290078    32.217979
0.293340    31.968706
0.296602    31.773026
0.299865    31.641024
0.303127    31.585260
0.306389    31.619932
0.309651    31.751814
0.312913    31.950129
0.316176    32.069649

0.000000    32.919846
0.003262    33.449394
0.006524    34.145657
0.009787    34.914833
0.013049    35.694439
0.016311    36.429745
0.019573    37.066669
0.022835    37.459160
0.026098    37.032440
0.029360    36.288452
0.032622    36.012337
0.035884    36.059368
0.039146    36.184174
0.042408    36.284771
0.045671    36.341251
0.048933    36.361393
0.052195    36.358746
0.055457    36.345150
0.058719    36.329708
0.061982    36.318321
0.065244    36.314129

0.065244    36.314129
0.068440    36.177258
0.071636    35.774364
0.074833    35.126240
0.078029    34.269447
0.081225    33.255531
0.084421    32.152897
0.087618    31.055895
0.090814    30.118948
0.094010    29.630678
0.097207    29.918093
0.100403    30.862080
0.103599    32.094753
0.106795    33.389599
0.109992    34.631382
0.113188    35.756031
0.116384    36.728134
0.119581    37.533417
0.122777    38.173359
0.125973    38.661827
0.129169    39.020245
0.132366    39.272530
0.135562    39.442291
0.138758    39.548904
0.141954    39.606987
0.145151    39.625393

0.145151    39.625393
0.148332    39.597744
0.151514    39.515011
0.154696    39.377327
0.157877    39.185074
0.161059    38.937855
0.164241    38.635895
0.167423    38.277023
0.170604    37.859940
0.173786    37.383064
0.176968    36.845142
0.180149    36.247627
0.183331    35.596848
0.186513    34.905556
0.189694    34.198349
0.192876    33.515163
0.196058    32.916946
0.199239    32.490776
0.202421    32.348045
0.205603    32.605522
0.208784    33.347363
0.211966    34.592091
0.215148    36.292370
0.218329    38.348034
0.221511    40.606838
0.224693    42.859890
0.227874    44.864082
0.231056    46.404446
0.234238    47.354458
0.237419    47.672630

0.237419    47.672630
0.240495    47.498524
0.243571    46.949394
0.246646    46.090775
0.249722    45.007713
0.252798    43.775158
0.255873    42.452389
0.258949    41.085567
0.262024    39.709412
0.265100    38.352283
0.268176    37.040257
0.271251    35.801785
0.274327    34.675186
0.277402    33.722916
0.280478    33.050098
0.283554    32.919846

0.283554    32.919846
0.286816    33.343815
0.290078    33.938126
0.293340    34.495724
0.296602    34.901783
0.299865    35.078205
0.303127    34.986355
0.306389    34.648251
0.309651    34.158192
0.312913    33.676022
0.316176    33.449154

0.000000    48.738316
0.003262    48.560780
0.006524    47.955242
0.009787    46.784435
0.013049    45.071732
0.016311    43.059383
0.019573    41.043175
0.022835    39.372257
0.026098    38.804771
0.029360    39.027466
0.032622    39.294651
0.035884    39.474327
0.039146    39.539207
0.042408    39.489918
0.045671    39.339138
0.048933    39.101185
0.052195    38.783844
0.055457    38.384655
0.058719    37.888062
0.061982    37.271404
0.065244    36.644913

0.065244    36.644913
0.068440    36.772263
0.071636    37.138840
0.074833    37.706150
0.078029    38.425434
0.081225    39.247433
0.084421    40.124508
0.087618    41.008156
0.090814    41.847824
0.094010    42.589485
0.097207    43.174057
0.100403    43.541786
0.103599    43.641598
0.106795    43.451141
0.109992    42.994274
0.113188    42.339092
0.116384    41.572529
0.119581    40.775261
0.122777    40.010162
0.125973    39.321629
0.129169    39.020264
0.132366    39.272583
0.135562    39.442307
0.138758    39.548912
0.141954    39.606991
0.145151    39.625427

0.145151    39.625427
0.148332    39.597778
0.151514    39.515030
0.154696    39.377384
0.157877    39.185131
0.161059    38.937881
0.164241    39.361202
0.167423    40.044277
0.170604    40.776356
0.173786    41.483864
0.176968    42.057777
0.180149    42.376999
0.183331    42.375351
0.186513    42.080265
0.189694    41.572174
0.192876    40.929462
0.196058    40.213238
0.199239    39.473206
0.202421    38.760960
0.205603    38.150143
0.208784    36.676132
0.211966    35.160824
0.215148    36.292389
0.218329    38.348034
0.221511    40.606853
0.224693    42.859955
0.227874    44.864090
0.231056    46.404446
0.234238    47.354473
0.237419    47.672718

0.237419    47.672718
0.240495    47.723892
0.243571    47.870049
0.246646    48.088985
0.249722    48.347202
0.252798    48.602871
0.255873    48.811573
0.258949    48.937702
0.262024    48.972366
0.265100    48.937801
0.268176    48.872868
0.271251    48.810577
0.274327    48.767612
0.277402    48.746181
0.280478    48.739410
0.283554    48.738316

0.283554    48.738316
0.286816    48.654785
0.290078    48.386738
0.293340    47.870193
0.296602    47.072552
0.299865    46.104374
0.303127    45.168461
0.306389    44.419083
0.309651    43.910217
0.312913    43.626545
0.316176    43.536392

0.000000    54.021111
0.003262    53.673771
0.006524    52.730774
0.009787    51.491306
0.013049    50.273243
0.016311    49.235634
0.019573    48.425060
0.022835    47.838589
0.026098    47.461994
0.029360    47.287106
0.032622    47.309605
0.035884    47.515945
0.039146    47.873825
0.042408    48.337543
0.045671    48.864746
0.048933    49.432564
0.052195    50.046837
0.055457    50.745472
0.058719    51.591309
0.061982    52.648926
0.065244    53.637272

0.065244    53.637272
0.068440    53.665722
0.071636    53.748997
0.074833    53.879768
0.078029    54.043285
0.081225    54.217396
0.084421    54.369102
0.087618    54.453056
0.090814    54.419613
0.094010    54.232857
0.097207    53.834343
0.100403    52.993141
0.103599    52.135414
0.106795    51.303669
0.109992    50.492271
0.113188    49.655914
0.116384    48.739998
0.119581    47.710823
0.122777    46.563587
0.125973    45.323414
0.129169    44.036152
0.132366    42.762985
0.135562    41.579620
0.138758    40.579395
0.141954    39.882133
0.145151    39.625458

0.145151    39.625458
0.148332    39.899540
0.151514    40.655079
0.154696    41.775211
0.157877    43.169556
0.161059    44.774605
0.164241    46.538773
0.167423    48.372940
0.170604    49.520130
0.173786    49.327442
0.176968    48.703678
0.180149    47.976322
0.183331    47.136353
0.186513    46.177876
0.189694    45.098228
0.192876    43.900288
0.196058    42.594120
0.199239    41.194210
0.202421    39.723579
0.205603    38.207413
0.208784    37.779453
0.211966    37.921154
0.215148    38.849808
0.218329    40.414268
0.221511    42.232414
0.224693    44.028667
0.227874    45.625732
0.231056    46.892570
0.234238    47.719151
0.237419    48.008709

0.237419    48.008709
0.240495    48.129288
0.243571    48.533398
0.246646    49.189827
0.249722    50.044342
0.252798    51.031170
0.255873    52.071800
0.258949    52.967297
0.262024    52.960648
0.265100    53.073860
0.268176    53.263889
0.271251    53.483467
0.274327    53.695965
0.277402    53.868980
0.280478    53.981972
0.283554    54.021111

0.283554    54.021111
0.286816    53.828308
0.290078    53.328606
0.293340    52.730846
0.296602    52.242939
0.299865    51.892784
0.303127    51.596329
0.306389    51.343460
0.309651    51.161240
0.312913    51.056583
0.316176    51.023449

0.000000    55.955494
0.003262    55.572449
0.006524    54.757816
0.009787    54.036350
0.013049    53.629398
0.016311    53.495998
0.019573    53.519878
0.022835    53.604641
0.026098    53.686676
0.029360    53.730228
0.032622    53.723347
0.035884    53.673229
0.039146    53.599255
0.042408    53.524586
0.045671    53.470673
0.048933    53.451851
0.052195    53.470806
0.055457    53.518318
0.058719    53.575283
0.061982    53.620285
0.065244    53.637360

0.065244    53.637360
0.068440    53.665802
0.071636    53.749226
0.074833    53.879856
0.078029    54.043285
0.081225    54.217403
0.084421    54.369118
0.087618    54.453064
0.090814    54.419651
0.094010    54.232906
0.097207    53.892517
0.100403    53.437683
0.103599    52.928009
0.106795    52.421059
0.109992    51.962227
0.113188    51.582371
0.116384    51.300102
0.119581    51.123505
0.122777    51.049263
0.125973    51.063805
0.129169    51.146950
0.132366    51.271648
0.135562    51.408482
0.138758    51.530281
0.141954    51.613575
0.145151    51.643238

0.145151    51.643238
0.148332    51.609573
0.151514    51.508865
0.154696    51.342686
0.157877    51.116379
0.161059    50.839905
0.164241    50.536064
0.167423    50.281796
0.170604    49.857513
0.173786    49.470219
0.176968    49.451931
0.180149    49.686485
0.183331    50.222729
0.186513    51.001793
0.189694    51.908943
0.192876    52.836441
0.196058    53.706184
0.199239    54.466644
0.202421    55.089478
0.205603    55.564384
0.208784    55.891613
0.211966    56.077168
0.215148    56.130512
0.218329    56.062557
0.221511    55.889709
0.224693    55.633179
0.227874    55.327625
0.231056    55.020054
0.234238    54.780510
0.237419    54.687885

0.237419    54.687885
0.240495    54.611706
0.243571    54.397099
0.246646    54.083576
0.249722    53.725018
0.252798    53.381008
0.255873    53.112911
0.258949    53.081158
0.262024    53.978886
0.265100    54.705780
0.268176    55.237858
0.271251    55.587772
0.274327    55.792576
0.277402    55.897739
0.280478    55.943295
0.283554    55.955494

0.283554    55.955494
0.286816    55.747528
0.290078    55.220810
0.293340    54.587112
0.296602    54.051338
0.299865    53.787113
0.303127    53.884552
0.306389    54.278854
0.309651    54.816769
0.312913    55.299324
0.316176    55.499264

0.000000    71.051910
0.003262    71.623344
0.006524    73.032501
0.009787    74.648621
0.013049    75.319138
0.016311    75.062561
0.019573    74.600471
0.022835    74.032959
0.026098    73.524887
0.029360    73.147713
0.032622    72.829842
0.035884    72.329826
0.039146    71.314590
0.042408    69.712044
0.045671    67.668991
0.048933    65.328064
0.052195    62.832005
0.055457    60.338936
0.058719    58.000671
0.061982    55.951637
0.065244    54.615055

0.065244    54.615055
0.068440    54.668468
0.071636    54.820259
0.074833    55.044811
0.078029    55.296764
0.081225    55.509819
0.084421    55.604176
0.087618    55.501766
0.090814    55.158737
0.094010    54.583687
0.097207    53.892609
0.100403    53.437977
0.103599    52.928299
0.106795    52.421318
0.109992    51.962532
0.113188    51.582378
0.116384    51.300323
0.119581    51.123932
0.122777    51.049480
0.125973    51.064068
0.129169    51.147221
0.132366    51.271885
0.135562    51.408600
0.138758    51.530472
0.141954    51.613667
0.145151    51.643734

0.145151    51.643734
0.148332    51.617653
0.151514    51.539776
0.154696    51.408752
0.157877    51.223438
0.161059    50.980808
0.164241    50.675941
0.167423    50.304310
0.170604    50.843826
0.173786    52.770161
0.176968    54.901875
0.180149    57.097454
0.183331    59.332298
0.186513    61.594357
0.189694    63.870026
0.192876    66.130714
0.196058    68.274963
0.199239    69.305565
0.202421    68.104240
0.205603    67.131355
0.208784    66.405113
0.211966    65.943848
0.215148    65.771355
0.218329    65.923462
0.221511    66.444435
0.224693    67.363922
0.227874    68.635292
0.231056    70.046463
0.234238    71.196556
0.237419    71.254440

0.237419    71.254440
0.240495    70.783318
0.243571    70.347252
0.246646    70.074959
0.249722    69.955261
0.252798    69.980919
0.255873    70.152443
0.258949    70.470871
0.262024    70.928886
0.265100    71.487297
0.268176    72.025024
0.271251    72.257782
0.274327    71.997894
0.277402    71.539940
0.280478    71.182426
0.283554    71.051910

0.283554    71.051910
0.286816    71.404259
0.290078    72.194664
0.293340    72.688835
0.296602    72.503616
0.299865    72.037354
0.303127    71.453758
0.306389    69.774475
0.309651    67.847900
0.312913    66.495018
0.316176    66.000938

