-0.000000 0.000000 -0.000000 -0.000000 -0.000000 0.000000 4.000000 nan nan nan nan nan nan nan nan nan nan nan nan -2.000000 1.000000 0.000000 0.000000 0.000000 -0.000000 0.000000 0.000000 -1.000000 0.000000 0.000000 0.000000 0.000000 -0.000000 -0.000000 0.000000 -0.000000 -0.000000 -1.000000 0.000000 0.000000 -0.000000 -1.000000 -0.000000 0.000000 -0.000000 -0.000000 -0.000000 -0.000000 0.000000 0.000000 0.000000 -0.000000
0.000000 0.000000 -0.000000 -1.000000 1.000000 0.000000 -2.000000 nan nan nan nan nan nan nan nan nan nan nan nan -3.000000 -1.000000 0.000000 0.000000 -0.000000 -0.000000 1.000000 -1.000000 0.000000 -0.000000 0.000000 -1.000000 1.000000 -0.000000 2.000000 -2.000000 1.000000 -1.000000 -0.000000 1.000000 -1.000000 -1.000000 -0.000000 -1.000000 1.000000 1.000000 1.000000 0.000000 0.000000 1.000000 -0.000000 0.000000 0.000000
0.000000 -0.000000 -0.000000 0.000000 0.000000 -0.000000 1.000000 nan nan nan nan nan nan nan nan nan nan nan nan 2.000000 -0.000000 0.000000 -0.000000 0.000000 -0.000000 -0.000000 -0.000000 0.000000 -0.000000 0.000000 -1.000000 0.000000 -0.000000 1.000000 1.000000 1.000000 -1.000000 -0.000000 2.000000 -2.000000 -1.000000 0.000000 1.000000 -0.000000 -0.000000 0.000000 0.000000 -0.000000 -0.000000 -0.000000 0.000000 -0.000000
0.000000 0.000000 0.000000 -0.000000 -1.000000 0.000000 1.000000 nan nan nan nan nan nan nan nan nan nan nan nan -1.000000 3.000000 -0.000000 0.000000 -0.000000 -0.000000 1.000000 -1.000000 0.000000 -0.000000 0.000000 -1.000000 1.000000 -0.000000 -0.000000 0.000000 0.000000 0.000000 -0.000000 0.000000 -0.000000 -0.000000 -0.000000 0.000000 -0.000000 2.000000 -1.000000 0.000000 0.000000 1.000000 0.000000 0.000000 0.000000
0.000000 -0.000000 0.000000 1.000000 -1.000000 -0.000000 -2.000000 nan nan nan nan nan nan nan nan nan nan nan nan 0.000000 3.000000 0.000000 0.000000 0.000000 1.000000 -1.000000 -0.000000 -1.000000 -0.000000 -0.000000 -1.000000 -1.000000 -0.000000 1.000000 -1.000000 0.000000 -2.000000 0.000000 -0.000000 -0.000000 -1.000000 -2.000000 2.000000 -0.000000 0.000000 0.000000 0.000000 0.000000 -0.000000 -0.000000 -0.000000 -0.000000
-0.000000 0.000000 0.000000 -0.000000 0.000000 0.000000 -5.000000 0.000000 nan nan nan nan nan nan nan nan nan nan nan nan 4.000000 0.000000 -0.000000 0.000000 -0.000000 0.000000 -0.000000 2.000000 0.000000 0.000000 0.000000 -0.000000 -0.000000 0.000000 -0.000000 -0.000000 -0.000000 -0.000000 -0.000000 0.000000 -0.000000 -0.000000 0.000000 -0.000000 -0.000000 -0.000000 -0.000000 -0.000000 -0.000000 1.000000 0.000000 -0.000000
0.000000 0.000000 0.000000 -1.000000 1.000000 0.000000 1.000000 -3.000000 nan nan nan nan nan nan nan nan nan nan nan nan 0.000000 0.000000 -0.000000 0.000000 -1.000000 1.000000 -0.000000 1.000000 -0.000000 -0.000000 1.000000 1.000000 -0.000000 -1.000000 1.000000 -0.000000 0.000000 0.000000 -0.000000 0.000000 1.000000 2.000000 -2.000000 -0.000000 0.000000 -0.000000 0.000000 -0.000000 -0.000000 -1.000000 0.000000 0.000000
0.000000 -0.000000 -0.000000 0.000000 1.000000 0.000000 -1.000000 nan nan nan nan nan nan nan nan nan nan nan nan nan -1.000000 0.000000 -0.000000 0.000000 0.000000 -1.000000 1.000000 0.000000 0.000000 0.000000 1.000000 -1.000000 -0.000000 2.000000 0.000000 0.000000 -0.000000 0.000000 0.000000 -0.000000 0.000000 0.000000 0.000000 0.000000 -2.000000 1.000000 0.000000 -0.000000 -1.000000 1.000000 0.000000 0.000000
0.000000 0.000000 1.000000 0.000000 0.000000 0.000000 -2.000000 nan nan nan nan nan nan nan nan nan nan nan nan 3.000000 -1.000000 0.000000 -0.000000 0.000000 0.000000 0.000000 -0.000000 0.000000 -0.000000 0.000000 1.000000 0.000000 0.000000 -1.000000 -1.000000 -1.000000 1.000000 -0.000000 -2.000000 1.000000 1.000000 -0.000000 -1.000000 -0.000000 0.000000 -0.000000 -0.000000 -0.000000 0.000000 -1.000000 -0.000000 -0.000000
-0.000000 -0.000000 0.000000 1.000000 -1.000000 0.000000 2.000000 nan nan nan nan nan nan nan nan nan nan nan nan nan -2.000000 -0.000000 -0.000000 -0.000000 0.000000 -1.000000 1.000000 -0.000000 -0.000000 -0.000000 1.000000 -1.000000 0.000000 -2.000000 2.000000 -1.000000 1.000000 -0.000000 -1.000000 1.000000 1.000000 -1.000000 1.000000 -1.000000 -1.000000 -1.000000 -0.000000 0.000000 -1.000000 0.000000 0.000000 0.000000
